0,0,0,0,0
0.996908,0.200159,0,0.0119629,0.119629
0.992801,0.200369,0,0.0214839,0.119136
0.987352,0.200645,0,0.0290354,0.118482
0.980134,0.201007,0,0.0349899,0.117616
0.975529,0.201237,0.00265482,0.0396983,0.117063
0.97253,0.201387,0.0654399,0.043429,0.116704
0.970147,0.201536,0.127967,0.0463849,0.116418
0.968373,0.201685,0.189988,0.0487284,0.116205
0.9672,0.201833,0.25126,0.0505891,0.116064
0.966619,0.201981,0.311541,0.0520707,0.115994
0.966619,0.202129,0.370592,0.053256,0.115994
0.96719,0.202278,0.42818,0.0542111,0.116063
0.968318,0.202427,0.484078,0.0549887,0.116198
0.969989,0.202577,0.538066,0.0556308,0.116399
0.972187,0.202728,0.589931,0.0561709,0.116662
0.974897,0.20288,0.639467,0.0566355,0.116988
0.978098,0.203033,0.68648,0.0640569,0.117372
0.981773,0.203188,0.730783,0.0716921,0.117813
0.985898,0.203345,0.772203,0.0793767,0.118308
0.990452,0.203504,0.810575,0.0869745,0.118854
0.995409,0.203665,0.845747,0.0943738,0.119449
1.00074,0.203829,0.877583,0.101483,0.120089
1.00643,0.203995,0.905954,0.108229,0.120771
1.01243,0.204163,0.930751,0.11455,0.121492
1.01872,0.204334,0.951874,0.1204,0.122247
1.02527,0.204508,0.96924,0.12574,0.123033
1.03204,0.204685,0.982781,0.130539,0.123845
1.039,0.204865,0.992444,0.134773,0.12468
1.0461,0.205048,0.99819,0.138422,0.125532
1.05331,0.205234,0.999996,0.14147,0.126397
1.06059,0.205423,0.997857,0.143901,0.127271
1.06789,0.205615,0.991778,0.145705,0.128147
1.07518,0.205811,0.981786,0.146185,0.129021
1.0824,0.20601,0.96792,0.146151,0.129888
1.08952,0.206212,0.950233,0.145563,0.130743
1.0965,0.206417,0.928796,0.144392,0.131579
1.10327,0.206625,0.903693,0.142609,0.132393
1.10981,0.206836,0.875025,0.140191,0.133177
1.11606,0.207049,0.842902,0.137119,0.133927
1.12198,0.207266,0.807454,0.133379,0.134638
1.12753,0.207485,0.768818,0.12896,0.135304
1.13267,0.207706,0.727149,0.123856,0.13592
1.13735,0.207929,0.682609,0.118068,0.136482
1.14154,0.208155,0.635376,0.111603,0.136984
1.14519,0.208382,0.585635,0.104477,0.137423
1.14829,0.208611,0.533583,0.0967139,0.137795
1.15079,0.208841,0.479426,0.0883467,0.138095
1.15267,0.209072,0.423376,0.0794197,0.138321
1.1539,0.209304,0.365655,0.0706114,0.138469
1.15447,0.209536,0.306491,0.061227,0.138536
1.15435,0.209769,0.246118,0.0513658,0.138522
1.15353,0.210001,0.184773,0.0411302,0.138424
1.15201,0.210233,0.122699,0.0306256,0.138241
1.14977,0.210465,0.0601407,0.0199588,0.137972
1.14682,0.210695,0,0.00932622,0.137618
1.10082,0.213514,0,0.000580355,0.132098
1.0869,0.214349,0,-0.00648178,0.130428
1.06862,0.215425,0,-0.0122123,0.128234
1.04471,0.216797,0,-0.0168932,0.125366
1.02128,0.218103,0,-0.0207227,0.122554
0.998312,0.219346,0,-0.0238599,0.119797
0.975804,0.220525,0,-0.0264325,0.117097
0.953752,0.22164,0,-0.0285433,0.11445
0.947245,0.221965,0.00265482,-0.0301592,0.113669
0.941157,0.22227,0.0654399,-0.0288566,0.112939
0.938714,0.22242,0.127967,-0.025648,0.112646
0.936861,0.22257,0.189988,-0.0208666,0.112423
0.935589,0.22272,0.25126,-0.0147998,0.112271
0.93489,0.222869,0.311541,-0.00769933,0.112187
0.934754,0.223018,0.370592,0.000212533,0.112171
0.935169,0.223168,0.42818,0.00873802,0.11222
0.936123,0.223318,0.484078,0.0177006,0.112335
0.937601,0.223469,0.538066,0.0269426,0.112512
0.939588,0.223621,0.589931,0.0363237,0.112751
0.942069,0.223774,0.639467,0.0457197,0.113048
0.945024,0.223928,0.68648,0.0550216,0.113403
0.948435,0.224085,0.730783,0.0641342,0.113812
0.95228,0.224243,0.772203,0.0729758,0.114274
0.956538,0.224403,0.810575,0.0814767,0.114785
0.961184,0.224565,0.845747,0.0895779,0.115342
0.966193,0.224729,0.877583,0.0975552,0.115943
0.971538,0.224897,0.905954,0.104971,0.116585
0.97719,0.225066,0.930751,0.11181,0.117263
0.983119,0.225239,0.951874,0.118056,0.117974
0.989293,0.225414,0.96924,0.1237,0.118715
0.995679,0.225593,0.982781,0.128732,0.119481
1.00224,0.225775,0.992444,0.133145,0.120269
1.00894,0.225959,0.99819,0.136934,0.121073
1.01575,0.226147,0.999996,0.140092,0.12189
1.02261,0.226339,0.997857,0.142615,0.122714
1.02951,0.226533,0.991778,0.144498,0.123541
1.03638,0.226731,0.981786,0.145734,0.124365
1.04319,0.226932,0.96792,0.146318,0.125183
1.0499,0.227137,0.950233,0.146241,0.125988
1.05646,0.227344,0.928796,0.145497,0.126775
1.06283,0.227555,0.903693,0.144078,0.12754
1.06897,0.227769,0.875025,0.141294,0.128276
1.07483,0.227985,0.842902,0.137957,0.12898
1.08037,0.228204,0.807454,0.134034,0.129645
1.08556,0.228426,0.768818,0.129501,0.130267
1.09034,0.22865,0.727149,0.12434,0.130841
1.09469,0.228877,0.682609,0.118543,0.131363
1.09856,0.229105,0.635376,0.112107,0.131827
1.10192,0.229335,0.585635,0.105041,0.13223
1.10473,0.229567,0.533583,0.0973618,0.132568
1.10698,0.2298,0.479426,0.0890983,0.132837
1.10862,0.230034,0.423376,0.0802887,0.133035
1.10965,0.230269,0.365655,0.070983,0.133157
1.11003,0.230504,0.306491,0.0612417,0.133203
1.10975,0.230739,0.246118,0.0511356,0.13317
1.1088,0.230974,0.184773,0.0407446,0.133056
1.10717,0.231209,0.122699,0.0301558,0.132861
1.10486,0.231443,0.0601407,0.0200108,0.132583
1.10186,0.231675,0,0.00981669,0.132223
1.0557,0.234497,0,0.00144826,0.126684
1.04175,0.235329,0,-0.00530375,0.12501
1.02344,0.236396,0,-0.0107753,0.122813
0.999526,0.237747,0,-0.0152347,0.119943
0.976112,0.239026,0,-0.0188729,0.117133
0.95319,0.240233,0,-0.0218432,0.114383
0.930756,0.241368,0,-0.0242689,0.111691
0.908802,0.242433,0,-0.0262491,0.109056
0.902327,0.242743,0.00265482,-0.0277582,0.108279
0.896268,0.243032,0.0654399,-0.02692,0.107552
0.893812,0.243175,0.127967,-0.024136,0.107257
0.891918,0.243317,0.189988,-0.019751,0.10703
0.890578,0.243458,0.25126,-0.0140615,0.106869
0.889784,0.2436,0.311541,-0.00732512,0.106774
0.889525,0.243741,0.370592,0.000791169,0.106743
0.889791,0.243882,0.42818,0.00942116,0.106775
0.890569,0.244024,0.484078,0.0184077,0.106868
0.891846,0.244166,0.538066,0.0276098,0.107022
0.893607,0.24431,0.589931,0.0369012,0.107233
0.895836,0.244454,0.639467,0.04617,0.1075
0.898516,0.2446,0.68648,0.0553174,0.107822
0.901628,0.244748,0.730783,0.0642572,0.108195
0.905152,0.244898,0.772203,0.0729149,0.108618
0.909067,0.245049,0.810575,0.0812269,0.109088
0.91335,0.245203,0.845747,0.0891395,0.109602
0.917976,0.245359,0.877583,0.0966079,0.110157
0.922921,0.245517,0.905954,0.103595,0.11075
0.928155,0.245679,0.930751,0.110071,0.111379
0.933651,0.245843,0.951874,0.116012,0.112038
0.939378,0.24601,0.96924,0.121398,0.112725
0.945305,0.24618,0.982781,0.125543,0.113437
0.951397,0.246353,0.992444,0.129238,0.114168
0.95762,0.246529,0.99819,0.132445,0.114914
0.963939,0.246709,0.999996,0.135134,0.115673
0.970315,0.246892,0.997857,0.137281,0.116438
0.976712,0.247078,0.991778,0.138863,0.117205
0.983089,0.247267,0.981786,0.139862,0.117971
0.989407,0.24746,0.96792,0.140262,0.118729
0.995625,0.247656,0.950233,0.140048,0.119475
1.0017,0.247855,0.928796,0.139206,0.120204
1.0076,0.248057,0.903693,0.137723,0.120912
1.01327,0.248262,0.875025,0.135589,0.121593
1.01868,0.24847,0.842902,0.132793,0.122242
1.02379,0.248681,0.807454,0.129328,0.122855
1.02855,0.248895,0.768818,0.125188,0.123426
1.03294,0.24911,0.727149,0.120371,0.123953
1.03691,0.249328,0.682609,0.114217,0.124429
1.04042,0.249548,0.635376,0.107536,0.124851
1.04345,0.249769,0.585635,0.100318,0.125214
1.04597,0.249992,0.533583,0.0925638,0.125516
1.04794,0.250217,0.479426,0.0842896,0.125753
1.04935,0.250442,0.423376,0.0755231,0.125922
1.05017,0.250667,0.365655,0.0663052,0.12602
1.05038,0.250893,0.306491,0.056689,0.126046
1.04997,0.251119,0.246118,0.0467389,0.125996
1.04892,0.251345,0.184773,0.0365294,0.125871
1.04723,0.25157,0.122699,0.0261429,0.125668
1.0449,0.251794,0.0601407,0.015668,0.125387
1.04191,0.252017,6.93889e-18,0.00528254,0.12503
0.996476,0.25469,0,-0.00317326,0.119577
0.982764,0.255473,0,-0.00997533,0.117932
0.964779,0.256471,0,-0.0154608,0.115773
0.941323,0.257722,0,-0.0193975,0.112959
0.918385,0.258894,0,-0.0225894,0.110206
0.895959,0.259988,0,-0.0251754,0.107515
0.874037,0.261005,0,-0.0272675,0.104884
0.852613,0.261947,0,-0.0289557,0.102314
0.846296,0.262219,0.00265482,-0.0302266,0.101556
0.840385,0.262473,0.0654399,-0.029259,0.100846
0.837969,0.262598,0.127967,-0.0264406,0.100556
0.83608,0.262722,0.189988,-0.0221015,0.10033
0.834711,0.262845,0.25126,-0.0165245,0.100165
0.833854,0.262968,0.311541,-0.00995539,0.100062
0.833498,0.263091,0.370592,-0.0026095,0.10002
0.833634,0.263214,0.42818,0.00532329,0.100036
0.834251,0.263338,0.484078,0.0136748,0.10011
0.835334,0.263462,0.538066,0.0222961,0.10024
0.83687,0.263586,0.589931,0.0310551,0.100424
0.838844,0.263712,0.639467,0.0403973,0.100661
0.841239,0.26384,0.68648,0.0495461,0.100949
0.844039,0.263969,0.730783,0.0584347,0.101285
0.847224,0.264099,0.772203,0.0670042,0.101667
0.850774,0.264232,0.810575,0.0752033,0.102093
0.854667,0.264366,0.845747,0.0829879,0.10256
0.858881,0.264503,0.877583,0.0903209,0.103066
0.86339,0.264643,0.905954,0.097171,0.103607
0.86817,0.264785,0.930751,0.103512,0.10418
0.873194,0.264929,0.951874,0.109324,0.104783
0.878432,0.265077,0.96924,0.114589,0.105412
0.883855,0.265228,0.982781,0.119293,0.106063
0.889432,0.265381,0.992444,0.123424,0.106732
0.89513,0.265538,0.99819,0.126973,0.107416
0.900916,0.265698,0.999996,0.129932,0.10811
0.906755,0.265861,0.997857,0.132292,0.108811
0.91261,0.266027,0.991778,0.133379,0.109513
0.918446,0.266197,0.981786,0.133986,0.110214
0.924226,0.26637,0.96792,0.13408,0.110907
0.929911,0.266545,0.950233,0.133632,0.111589
0.935463,0.266724,0.928796,0.132618,0.112256
0.940844,0.266906,0.903693,0.131016,0.112901
0.946016,0.267091,0.875025,0.12881,0.113522
0.950942,0.267279,0.842902,0.125984,0.114113
0.955583,0.267469,0.807454,0.122527,0.11467
0.959903,0.267662,0.768818,0.11843,0.115188
0.963868,0.267857,0.727149,0.113689,0.115664
0.967442,0.268054,0.682609,0.108307,0.116093
0.970595,0.268252,0.635376,0.102288,0.116471
0.973296,0.268453,0.585635,0.0956479,0.116795
0.975516,0.268655,0.533583,0.088407,0.117062
0.97723,0.268857,0.479426,0.0805955,0.117268
0.978414,0.269061,0.423376,0.0728511,0.11741
0.97905,0.269265,0.365655,0.0644973,0.117486
0.979118,0.26947,0.306491,0.0556167,0.117494
0.978607,0.269674,0.246118,0.0462968,0.117433
0.977504,0.269878,0.184773,0.0366301,0.117301
0.975804,0.270081,0.122699,0.0267129,0.117096
0.973501,0.270282,0.0601407,0.0166447,0.11682
0.970597,0.270483,0,0.00661104,0.116472
0.926777,0.272852,0,-0.00151358,0.111213
0.913568,0.273538,0,-0.00803632,0.109628
0.89626,0.274406,0,-0.01328,0.107551
0.873717,0.275478,0,-0.0175002,0.104846
0.8517,0.276468,0,-0.0208924,0.102204
0.830201,0.277376,0,-0.023614,0.0996241
0.809212,0.278204,0,-0.0257912,0.0971055
0.788725,0.278952,0,-0.0275257,0.0946471
0.782687,0.279168,0.00265482,-0.028351,0.0939225
0.777038,0.279367,0.0654399,-0.0270573,0.0932445
0.774712,0.279464,0.127967,-0.0240196,0.0929655
0.772875,0.279561,0.189988,-0.0195539,0.092745
0.771519,0.279657,0.25126,-0.0139315,0.0925822
0.770636,0.279753,0.311541,-0.00738669,0.0924763
0.770217,0.279848,0.370592,-0.000124521,0.0924261
0.770253,0.279943,0.42818,0.007675,0.0924303
0.770732,0.280039,0.484078,0.015853,0.0924878
0.771642,0.280135,0.538066,0.0242692,0.0925971
0.772971,0.280232,0.589931,0.0327998,0.0927565
0.774704,0.28033,0.639467,0.0413359,0.0929645
0.776826,0.280429,0.68648,0.0497819,0.0932191
0.779321,0.28053,0.730783,0.058055,0.0935185
0.782171,0.280632,0.772203,0.0660832,0.0938605
0.785357,0.280736,0.810575,0.0738052,0.0942428
0.788859,0.280842,0.845747,0.0814511,0.0946631
0.792657,0.28095,0.877583,0.0886297,0.0951188
0.796727,0.281061,0.905954,0.0953183,0.0956072
0.801045,0.281174,0.930751,0.101498,0.0961254
0.805587,0.28129,0.951874,0.107152,0.0966705
0.810327,0.281408,0.96924,0.112268,0.0972392
0.815236,0.281529,0.982781,0.116834,0.0978283
0.820286,0.281653,0.992444,0.120841,0.0984343
0.825447,0.28178,0.99819,0.124281,0.0990536
0.830687,0.28191,0.999996,0.127148,0.0996824
0.835975,0.282043,0.997857,0.129434,0.100317
0.841278,0.28218,0.991778,0.131134,0.100953
0.846562,0.282319,0.981786,0.132241,0.101587
0.851792,0.282461,0.96792,0.13275,0.102215
0.856935,0.282606,0.950233,0.132652,0.102832
0.861954,0.282754,0.928796,0.131942,0.103434
0.866815,0.282905,0.903693,0.129953,0.104018
0.871482,0.283059,0.875025,0.127472,0.104578
0.875921,0.283215,0.842902,0.124467,0.105111
0.880097,0.283374,0.807454,0.120913,0.105612
0.883978,0.283535,0.768818,0.116791,0.106077
0.88753,0.283698,0.727149,0.112088,0.106504
0.890723,0.283863,0.682609,0.1068,0.106887
0.893526,0.28403,0.635376,0.100926,0.107223
0.895914,0.284198,0.585635,0.0944751,0.10751
0.897858,0.284368,0.533583,0.0874634,0.107743
0.899337,0.284538,0.479426,0.0799162,0.10792
0.900328,0.284709,0.423376,0.0718677,0.108039
0.900814,0.28488,0.365655,0.0633622,0.108098
0.900779,0.285052,0.306491,0.0544532,0.108094
0.900211,0.285223,0.246118,0.0452037,0.108025
0.899099,0.285394,0.184773,0.0356849,0.107892
0.897438,0.285564,0.122699,0.0264872,0.107693
0.895224,0.285732,0.0601407,0.0170568,0.107427
0.892457,0.2859,0,0.00758701,0.107095
0.851033,0.287831,0,-3.57365e-05,0.102124
0.838559,0.288381,0,-0.00614265,0.100627
0.822231,0.289066,0,-0.0110356,0.0986677
0.80099,0.289895,0,-0.014953,0.0961188
0.780269,0.29064,0,-0.0180828,0.0936322
0.760059,0.291303,0,-0.020576,0.0912071
0.740352,0.291886,0,-0.022554,0.0888423
0.721139,0.29239,0,-0.0241145,0.0865366
0.715478,0.292532,0.00265482,-0.0252768,0.0858574
0.710181,0.292662,0.0654399,-0.024313,0.0852218
0.70799,0.292726,0.127967,-0.0216107,0.0849589
0.706246,0.292788,0.189988,-0.0174922,0.0847495
0.704942,0.292849,0.25126,-0.0122317,0.084593
0.70407,0.29291,0.311541,-0.00554731,0.0844885
0.703623,0.292971,0.370592,0.00174355,0.0844348
0.703591,0.293032,0.42818,0.00948174,0.084431
0.703965,0.293093,0.484078,0.0175268,0.0844758
0.704732,0.293154,0.538066,0.0257545,0.0845678
0.705881,0.293216,0.589931,0.0340552,0.0847057
0.7074,0.293279,0.639467,0.0423323,0.0848879
0.709273,0.293343,0.68648,0.0505007,0.0851128
0.711486,0.293409,0.730783,0.0584863,0.0853784
0.714024,0.293476,0.772203,0.0662247,0.0856828
0.716868,0.293544,0.810575,0.0736603,0.0860241
0.72,0.293615,0.845747,0.0807457,0.0864
0.723401,0.293687,0.877583,0.0874406,0.0868081
0.72705,0.293762,0.905954,0.0937111,0.0872461
0.730926,0.293839,0.930751,0.0995289,0.0877112
0.735006,0.293918,0.951874,0.104871,0.0882007
0.739264,0.294,0.96924,0.109072,0.0887117
0.743677,0.294085,0.982781,0.11289,0.0892413
0.748218,0.294172,0.992444,0.116285,0.0897861
0.752859,0.294262,0.99819,0.119225,0.0903431
0.757572,0.294355,0.999996,0.121686,0.0909087
0.762328,0.29445,0.997857,0.123644,0.0914794
0.767097,0.294549,0.991778,0.125082,0.0920516
0.771848,0.29465,0.981786,0.125983,0.0926217
0.77655,0.294754,0.96792,0.126335,0.0931859
0.78117,0.294861,0.950233,0.126124,0.0937404
0.785678,0.29497,0.928796,0.125341,0.0942814
0.790041,0.295082,0.903693,0.123974,0.0948049
0.794227,0.295197,0.875025,0.122016,0.0953072
0.798205,0.295314,0.842902,0.11946,0.0957845
0.801942,0.295433,0.807454,0.116301,0.0962331
0.80541,0.295555,0.768818,0.112536,0.0966492
0.808579,0.295678,0.727149,0.107528,0.0970294
0.811419,0.295803,0.682609,0.102052,0.0973703
0.813905,0.29593,0.635376,0.096091,0.0976686
0.816012,0.296058,0.585635,0.0896396,0.0979214
0.817715,0.296187,0.533583,0.0827024,0.0981258
0.818994,0.296317,0.479426,0.0752947,0.0982793
0.81983,0.296447,0.423376,0.0674424,0.0983796
0.820205,0.296578,0.365655,0.0591814,0.0984246
0.820106,0.296708,0.306491,0.0505576,0.0984128
0.819522,0.296838,0.246118,0.0416266,0.0983426
0.818444,0.296968,0.184773,0.032452,0.0982132
0.816865,0.297097,0.122699,0.0231047,0.0980239
0.814785,0.297225,0.0601407,0.0136606,0.0977742
0.812202,0.297351,0,0.00427775,0.0974642
0.773751,0.298752,0,-0.00321319,0.0928501
0.762184,0.29914,0,-0.00919687,0.091462
0.747054,0.29961,0,-0.0135124,0.0896465
0.727393,0.300154,0,-0.016943,0.0872872
0.708233,0.300617,0,-0.0196605,0.084988
0.689565,0.301,0,-0.021803,0.0827478
0.671379,0.301306,0,-0.0234815,0.0805655
0.653666,0.301536,0,-0.0247851,0.0784399
0.648449,0.301598,0.00265482,-0.0257398,0.0778138
0.643568,0.301652,0.0654399,-0.0246741,0.0772281
0.641542,0.301677,0.127967,-0.0219645,0.076985
0.639922,0.301701,0.189988,-0.0179208,0.0767906
0.6387,0.301724,0.25126,-0.0128053,0.076644
0.637871,0.301747,0.311541,-0.00684164,0.0765446
0.637427,0.30177,0.370592,-0.000222592,0.0764912
0.637359,0.301792,0.42818,0.00688505,0.0764831
0.637658,0.301815,0.484078,0.014336,0.076519
0.638314,0.301838,0.538066,0.0220035,0.0765977
0.639316,0.301862,0.589931,0.0302983,0.076718
0.640653,0.301886,0.639467,0.0384977,0.0768784
0.642311,0.301912,0.68648,0.0465366,0.0770773
0.644277,0.301939,0.730783,0.0543567,0.0773132
0.646536,0.301967,0.772203,0.0619065,0.0775843
0.649072,0.301996,0.810575,0.0691406,0.0778887
0.65187,0.302028,0.845747,0.0760195,0.0782244
0.654911,0.302061,0.877583,0.0825093,0.0785893
0.658176,0.302096,0.905954,0.0885805,0.0789811
0.661646,0.302133,0.930751,0.0942084,0.0793975
0.6653,0.302173,0.951874,0.099372,0.079836
0.669116,0.302214,0.96924,0.104054,0.080294
0.673072,0.302259,0.982781,0.108238,0.0807686
0.677142,0.302305,0.992444,0.111914,0.0812571
0.681304,0.302354,0.99819,0.115069,0.0817565
0.68553,0.302406,0.999996,0.117696,0.0822636
0.689795,0.30246,0.997857,0.119146,0.0827754
0.694071,0.302517,0.991778,0.120178,0.0832885
0.698331,0.302577,0.981786,0.120761,0.0837997
0.702546,0.302639,0.96792,0.120866,0.0843055
0.706687,0.302704,0.950233,0.120473,0.0848024
0.710726,0.302771,0.928796,0.119561,0.0852871
0.714634,0.30284,0.903693,0.118116,0.085756
0.718381,0.302912,0.875025,0.116124,0.0862057
0.72194,0.302986,0.842902,0.113575,0.0866328
0.725282,0.303062,0.807454,0.110463,0.0870338
0.728379,0.303139,0.768818,0.106782,0.0874055
0.731206,0.303219,0.727149,0.102533,0.0877447
0.733736,0.3033,0.682609,0.0977193,0.0880483
0.735945,0.303383,0.635376,0.0923485,0.0883134
0.737812,0.303466,0.585635,0.0864345,0.0885374
0.739314,0.303551,0.533583,0.0799971,0.0887176
0.740432,0.303636,0.479426,0.0724828,0.0888518
0.74115,0.303722,0.423376,0.0646348,0.0889379
0.741451,0.303808,0.365655,0.05647,0.0889742
0.741325,0.303894,0.306491,0.0480178,0.088959
0.74076,0.303979,0.246118,0.0393186,0.0888912
0.739748,0.304064,0.184773,0.0304226,0.0887698
0.738285,0.304148,0.122699,0.0213877,0.0885943
0.736369,0.304231,0.0601407,0.0122778,0.0883643
0.733999,0.304313,0,0.00323657,0.0880799
0.69885,0.305146,0,-0.00393925,0.0838619
0.688284,0.305362,0,-0.00965931,0.0825941
0.674474,0.305604,0,-0.0142059,0.0809369
0.656541,0.30585,0,-0.0178007,0.078785
0.639081,0.30602,0,-0.0206308,0.0766897
0.622081,0.306116,0,-0.0228463,0.0746497
0.605533,0.306141,0,-0.0245676,0.072664
0.589427,0.306095,0,-0.0254652,0.0707312
0.584684,0.306075,0.00265482,-0.0260945,0.0701621
0.580247,0.306052,0.0654399,-0.0248256,0.0696296
0.578403,0.306038,0.127967,-0.0220199,0.0694084
0.576925,0.306024,0.189988,-0.0179721,0.069231
0.575806,0.30601,0.25126,-0.0129308,0.0690968
0.575042,0.305994,0.311541,-0.00710703,0.069005
0.574625,0.305979,0.370592,-0.000681601,0.0689549
0.574546,0.305963,0.42818,0.00618971,0.0689456
0.5748,0.305948,0.484078,0.0133719,0.0689759
0.575374,0.305933,0.538066,0.0207473,0.0690449
0.576261,0.305918,0.589931,0.0282132,0.0691514
0.57745,0.305904,0.639467,0.0356797,0.069294
0.578928,0.305891,0.68648,0.0430679,0.0694714
0.580684,0.30588,0.730783,0.0503089,0.0696821
0.582704,0.305869,0.772203,0.0573424,0.0699245
0.584974,0.30586,0.810575,0.0643093,0.0701969
0.58748,0.305852,0.845747,0.0709232,0.0704976
0.590204,0.305846,0.877583,0.0771556,0.0708245
0.593131,0.305842,0.905954,0.0829814,0.0711758
0.596243,0.30584,0.930751,0.0883787,0.0715492
0.59952,0.305839,0.951874,0.0933289,0.0719425
0.602944,0.305841,0.96924,0.0978155,0.0723533
0.606493,0.305845,0.982781,0.101825,0.0727791
0.610146,0.305851,0.992444,0.105345,0.0732175
0.61388,0.30586,0.99819,0.108365,0.0736656
0.617673,0.305871,0.999996,0.110876,0.0741208
0.621501,0.305884,0.997857,0.112871,0.0745801
0.625339,0.305899,0.991778,0.114342,0.0750406
0.629162,0.305917,0.981786,0.115283,0.0754994
0.632944,0.305937,0.96792,0.115687,0.0759533
0.636661,0.30596,0.950233,0.115548,0.0763993
0.640285,0.305984,0.928796,0.114236,0.0768342
0.643791,0.306011,0.903693,0.112499,0.0772549
0.647153,0.30604,0.875025,0.110308,0.0776583
0.650345,0.306071,0.842902,0.107642,0.0780413
0.653341,0.306104,0.807454,0.104483,0.0784009
0.656117,0.306138,0.768818,0.100822,0.0787341
0.65865,0.306174,0.727149,0.096652,0.079038
0.660915,0.306211,0.682609,0.0919722,0.0793099
0.662892,0.30625,0.635376,0.0867879,0.0795471
0.66456,0.306289,0.585635,0.0811099,0.0797472
0.6659,0.30633,0.533583,0.0749552,0.079908
0.666895,0.306371,0.479426,0.0683475,0.0800274
0.667528,0.306412,0.423376,0.0613171,0.0801034
0.667788,0.306454,0.365655,0.0539012,0.0801345
0.667662,0.306495,0.306491,0.0461435,0.0801194
0.667141,0.306536,0.246118,0.0380945,0.0800569
0.666218,0.306577,0.184773,0.0303078,0.0799462
0.664889,0.306617,0.122699,0.0222283,0.0797867
0.663152,0.306655,0.0601407,0.0139418,0.0795783
0.661007,0.306693,0,0.00560605,0.0793208
0.629246,0.306971,0,-0.000991662,0.0755095
0.619705,0.307019,0,-0.0062461,0.0743646
0.607238,0.307043,0,-0.0104168,0.0728686
0.591061,0.307004,0,-0.0137077,0.0709273
0.575317,0.306896,0,-0.0162927,0.069038
0.559997,0.306722,0,-0.0183116,0.0671997
0.545092,0.306482,0,-0.019876,0.065411
0.530591,0.30618,0,-0.0210759,0.0636709
0.526321,0.306085,0.00265482,-0.0219486,0.0631585
0.522327,0.305991,0.0654399,-0.0209259,0.0626793
0.520668,0.305942,0.127967,-0.018377,0.0624802
0.519338,0.305893,0.189988,-0.0146014,0.0623205
0.518332,0.305843,0.25126,-0.00936189,0.0621998
0.517644,0.305792,0.311541,-0.00344014,0.0621173
0.517269,0.305742,0.370592,0.00299951,0.0620723
0.5172,0.305691,0.42818,0.009816,0.062064
0.517429,0.305641,0.484078,0.0168875,0.0620915
0.517948,0.305591,0.538066,0.0241084,0.0621537
0.518748,0.305541,0.589931,0.0313863,0.0622497
0.519819,0.305492,0.639467,0.0386406,0.0623783
0.521151,0.305444,0.68648,0.0458006,0.0625381
0.522733,0.305397,0.730783,0.0528041,0.062728
0.524554,0.305351,0.772203,0.0595969,0.0629465
0.5266,0.305306,0.810575,0.0661313,0.063192
0.528857,0.305262,0.845747,0.0723659,0.0634629
0.531312,0.30522,0.877583,0.0782648,0.0637575
0.53395,0.30518,0.905954,0.0837971,0.064074
0.536754,0.305141,0.930751,0.0889361,0.0644104
0.539707,0.305105,0.951874,0.0930476,0.0647648
0.542792,0.30507,0.96924,0.0968446,0.065135
0.54599,0.305037,0.982781,0.100287,0.0655188
0.549281,0.305006,0.992444,0.103341,0.0659138
0.552647,0.304977,0.99819,0.105979,0.0663176
0.556065,0.30495,0.999996,0.10818,0.0667278
0.559515,0.304925,0.997857,0.109924,0.0671418
0.562974,0.304903,0.991778,0.111195,0.0675568
0.56642,0.304882,0.981786,0.11198,0.0679703
0.569829,0.304864,0.96792,0.112268,0.0683795
0.57318,0.304848,0.950233,0.112049,0.0687816
0.576447,0.304833,0.928796,0.111315,0.0691737
0.579609,0.304821,0.903693,0.110059,0.069553
0.58264,0.30481,0.875025,0.108277,0.0699168
0.585519,0.304801,0.842902,0.105964,0.0702623
0.588222,0.304794,0.807454,0.103121,0.0705867
0.590727,0.304789,0.768818,0.099145,0.0708873
0.593013,0.304784,0.727149,0.0947681,0.0711616
0.595059,0.304781,0.682609,0.0899733,0.0714071
0.596845,0.304779,0.635376,0.0847523,0.0716214
0.598353,0.304778,0.585635,0.0791052,0.0718024
0.599566,0.304778,0.533583,0.0730397,0.0719479
0.600468,0.304778,0.479426,0.0665715,0.0720562
0.601046,0.304779,0.423376,0.0597236,0.0721255
0.601286,0.30478,0.365655,0.0525261,0.0721544
0.60118,0.304781,0.306491,0.0450159,0.0721416
0.600718,0.304781,0.246118,0.0372361,0.0720862
0.599895,0.304781,0.184773,0.0292353,0.0719874
0.598706,0.30478,0.122699,0.0210665,0.0718448
0.59715,0.304778,0.0601407,0.0127857,0.071658
0.595226,0.304776,0,0.00452265,0.0714271
0.566743,0.304552,0,-0.00199467,0.0680091
0.558189,0.30445,0,-0.00676221,0.0669826
0.547015,0.304278,0,-0.0105383,0.0656418
0.532519,0.303986,0,-0.0135078,0.0639023
0.518417,0.303634,0,-0.0158309,0.06221
0.504698,0.303223,0,-0.0176363,0.0605638
0.491353,0.302755,0,-0.019027,0.0589624
0.478373,0.302232,0,-0.0200854,0.0574048
0.474552,0.302072,0.00265482,-0.0208457,0.0569462
0.470978,0.301917,0.0654399,-0.0197644,0.0565173
0.469495,0.301839,0.127967,-0.0172068,0.0563394
0.468309,0.301759,0.189988,-0.0134678,0.056197
0.467415,0.301679,0.25126,-0.00879316,0.0560898
0.466809,0.301599,0.311541,-0.00338906,0.0560171
0.466484,0.301518,0.370592,0.0025706,0.0559781
0.466436,0.301438,0.42818,0.00893815,0.0559723
0.466656,0.301357,0.484078,0.0155875,0.0559988
0.467138,0.301277,0.538066,0.0229431,0.0560566
0.467874,0.301198,0.589931,0.0302786,0.0561449
0.468855,0.301119,0.639467,0.037531,0.0562625
0.470071,0.301041,0.68648,0.0446443,0.0564085
0.471513,0.300963,0.730783,0.0515684,0.0565815
0.47317,0.300887,0.772203,0.0582587,0.0567803
0.47503,0.300812,0.810575,0.0646755,0.0570036
0.477082,0.300738,0.845747,0.0707838,0.0572498
0.479312,0.300665,0.877583,0.0765528,0.0575174
0.481707,0.300594,0.905954,0.0819552,0.0578048
0.484252,0.300525,0.930751,0.0869678,0.0581102
0.486932,0.300457,0.951874,0.0915702,0.0584319
0.489731,0.30039,0.96924,0.0957448,0.0587678
0.492633,0.300326,0.982781,0.0994766,0.059116
0.49562,0.300263,0.992444,0.102753,0.0594744
0.498673,0.300202,0.99819,0.105562,0.0598408
0.501774,0.300143,0.999996,0.107289,0.0602129
0.504905,0.300086,0.997857,0.108652,0.0605885
0.508043,0.300031,0.991778,0.109619,0.0609652
0.511171,0.299978,0.981786,0.110166,0.0613405
0.514266,0.299926,0.96792,0.11027,0.0617119
0.517308,0.299877,0.950233,0.109915,0.0620769
0.520275,0.299829,0.928796,0.109087,0.062433
0.523147,0.299783,0.903693,0.107774,0.0627776
0.525902,0.299738,0.875025,0.105967,0.0631082
0.528519,0.299696,0.842902,0.103662,0.0634223
0.530978,0.299654,0.807454,0.100855,0.0637174
0.533259,0.299614,0.768818,0.0975447,0.0639911
0.535342,0.299576,0.727149,0.0937343,0.0642411
0.537209,0.299538,0.682609,0.0894298,0.0644651
0.538842,0.299501,0.635376,0.084641,0.064661
0.540223,0.299465,0.585635,0.0793821,0.0648268
0.541338,0.29943,0.533583,0.073121,0.0649606
0.542173,0.299396,0.479426,0.066554,0.0650608
0.542715,0.299361,0.423376,0.0596865,0.0651259
0.542954,0.299327,0.365655,0.0525338,0.0651544
0.542878,0.299293,0.306491,0.0451195,0.0651454
0.542482,0.299259,0.246118,0.0374748,0.0650979
0.54176,0.299224,0.184773,0.0296373,0.0650112
0.540707,0.299188,0.122699,0.0216496,0.0648849
0.539323,0.299152,0.0601407,0.0135584,0.0647188
0.537607,0.299115,0,0.00548296,0.0645128
0.512152,0.298468,0,-0.000877319,0.0614582
0.504508,0.29824,0,-0.00593419,0.060541
0.494525,0.297905,0,-0.00993767,0.0593429
0.481574,0.297404,0,-0.0130842,0.0577888
0.468974,0.29685,0,-0.0155448,0.0562769
0.456718,0.296247,0,-0.0174567,0.0548062
0.444796,0.295594,0,-0.018541,0.0533756
0.4332,0.294895,0,-0.0193545,0.0519841
0.428189,0.29458,0.00265482,-0.0199123,0.0513827
0.425008,0.294374,0.0654399,-0.0186928,0.051001
0.423693,0.294271,0.127967,-0.0160537,0.0508431
0.422645,0.294166,0.189988,-0.0122831,0.0507174
0.421861,0.294061,0.25126,-0.00762082,0.0506233
0.421336,0.293956,0.311541,-0.00226696,0.0505603
0.421066,0.293851,0.370592,0.00361017,0.0505279
0.421045,0.293746,0.42818,0.00986839,0.0505254
0.421266,0.293641,0.484078,0.0163867,0.050552
0.421724,0.293537,0.538066,0.0230616,0.0506069
0.422412,0.293432,0.589931,0.0298038,0.0506894
0.42332,0.293329,0.639467,0.0365358,0.0507984
0.424441,0.293226,0.68648,0.0431901,0.050933
0.425767,0.293124,0.730783,0.0497076,0.051092
0.427287,0.293022,0.772203,0.056063,0.0512744
0.42899,0.292922,0.810575,0.0621671,0.0514788
0.430867,0.292823,0.845747,0.067985,0.0517041
0.432905,0.292725,0.877583,0.073486,0.0519487
0.435093,0.292629,0.905954,0.0786428,0.0522111
0.437416,0.292534,0.930751,0.0834317,0.05249
0.439862,0.29244,0.951874,0.087832,0.0527835
0.442416,0.292348,0.96924,0.0918256,0.0530899
0.445063,0.292257,0.982781,0.0953971,0.0534075
0.447786,0.292168,0.992444,0.098533,0.0537343
0.450571,0.292081,0.99819,0.101222,0.0540685
0.453399,0.291995,0.999996,0.103453,0.0544079
0.456254,0.291911,0.997857,0.105219,0.0547504
0.459116,0.291829,0.991778,0.106512,0.055094
0.461969,0.291749,0.981786,0.107325,0.0554363
0.464794,0.29167,0.96792,0.107652,0.0557752
0.46757,0.291593,0.950233,0.106894,0.0561084
0.47028,0.291517,0.928796,0.105763,0.0564336
0.472903,0.291443,0.903693,0.104231,0.0567484
0.475422,0.29137,0.875025,0.102279,0.0570506
0.477816,0.291299,0.842902,0.0998899,0.0573379
0.480068,0.291229,0.807454,0.0970543,0.0576081
0.482159,0.291161,0.768818,0.0937661,0.057859
0.484071,0.291093,0.727149,0.0900234,0.0580885
0.485788,0.291027,0.682609,0.085829,0.0582945
0.487293,0.290961,0.635376,0.0811901,0.0584752
0.488572,0.290896,0.585635,0.0761183,0.0586287
0.48961,0.290832,0.533583,0.0706301,0.0587532
0.490395,0.290768,0.479426,0.0647465,0.0588474
0.490915,0.290705,0.423376,0.0584933,0.0589098
0.491161,0.290642,0.365655,0.0519007,0.0589393
0.491122,0.290578,0.306491,0.0450035,0.0589347
0.490794,0.290515,0.246118,0.0376076,0.0588953
0.490171,0.290451,0.184773,0.0300629,0.0588205
0.489249,0.290387,0.122699,0.0223998,0.0587098
0.488026,0.290322,0.0601407,0.0146535,0.0585631
0.486503,0.290256,0,0.00692921,0.0583804
0.463842,0.289261,0,0.000849967,0.055661
0.457037,0.288931,0,-0.0039824,0.0548444
0.448147,0.288464,0,-0.00780697,0.0537777
0.436614,0.287795,0,-0.0108116,0.0523937
0.425393,0.287082,0,-0.0131605,0.0510471
0.414475,0.286326,0,-0.0149849,0.049737
0.403853,0.28553,0,-0.0163901,0.0484623
0.393519,0.284694,0,-0.0174601,0.0472223
0.390476,0.284442,0.00265482,-0.0182343,0.0468571
0.387631,0.284201,0.0654399,-0.0172763,0.0465157
0.386458,0.28408,0.127967,-0.0149381,0.046375
0.38553,0.283958,0.189988,-0.0110677,0.0462636
0.384842,0.283836,0.25126,-0.00640191,0.0461811
0.384391,0.283714,0.311541,-0.00112218,0.0461269
0.384172,0.283591,0.370592,0.00461928,0.0461007
0.38418,0.283469,0.42818,0.0106942,0.0461017
0.384411,0.283347,0.484078,0.0169935,0.0461293
0.384856,0.283225,0.538066,0.023424,0.0461827
0.385511,0.283103,0.589931,0.0299052,0.0462613
0.386368,0.282983,0.639467,0.0363671,0.0463642
0.38742,0.282862,0.68648,0.0427483,0.0464904
0.388658,0.282743,0.730783,0.048995,0.046639
0.390074,0.282624,0.772203,0.0550593,0.0468089
0.391658,0.282506,0.810575,0.0608993,0.046999
0.3934,0.28239,0.845747,0.0664778,0.047208
0.39529,0.282274,0.877583,0.0717618,0.0474349
0.397317,0.28216,0.905954,0.0767228,0.047678
0.399468,0.282047,0.930751,0.0807552,0.0479362
0.401732,0.281935,0.951874,0.0845313,0.0482078
0.404094,0.281824,0.96924,0.0880099,0.0484913
0.406541,0.281715,0.982781,0.0911565,0.048785
0.40906,0.281608,0.992444,0.0939426,0.0490872
0.411634,0.281502,0.99819,0.0963445,0.0493961
0.414249,0.281397,0.999996,0.0983424,0.0497099
0.416888,0.281294,0.997857,0.0999199,0.0500266
0.419536,0.281193,0.991778,0.101063,0.0503443
0.422174,0.281093,0.981786,0.101761,0.0506609
0.424787,0.280994,0.96792,0.102004,0.0509744
0.427357,0.280897,0.950233,0.101785,0.0512828
0.429866,0.280802,0.928796,0.101098,0.0515839
0.432297,0.280708,0.903693,0.0999374,0.0518756
0.434632,0.280615,0.875025,0.0983018,0.0521558
0.436854,0.280523,0.842902,0.0961902,0.0524224
0.438946,0.280433,0.807454,0.0930308,0.0526735
0.440891,0.280344,0.768818,0.0895193,0.0529069
0.442673,0.280256,0.727149,0.0856386,0.0531208
0.444277,0.280168,0.682609,0.0813794,0.0533133
0.445688,0.280082,0.635376,0.0767393,0.0534826
0.446892,0.279996,0.585635,0.0717223,0.053627
0.447876,0.279911,0.533583,0.0663385,0.0537451
0.448628,0.279826,0.479426,0.0606033,0.0538354
0.449139,0.279742,0.423376,0.0545379,0.0538966
0.449398,0.279658,0.365655,0.0481679,0.0539277
0.449397,0.279573,0.306491,0.0415236,0.0539277
0.449132,0.279489,0.246118,0.034639,0.0538958
0.448596,0.279405,0.184773,0.0275515,0.0538315
0.447786,0.279319,0.122699,0.0203008,0.0537344
0.446702,0.279234,0.0601407,0.0129285,0.0536042
0.445342,0.279148,0,0.0055425,0.0534411
0.425023,0.277908,0,0.000114357,0.0510027
0.418919,0.277506,0,-0.00419806,0.0502703
0.410944,0.276948,0,-0.00760802,0.0493133
0.400595,0.276164,0,-0.010283,0.0480714
0.390521,0.275344,0,-0.0123703,0.0468625
0.380717,0.274488,0,-0.0139878,0.045686
0.371175,0.273598,0,-0.0152299,0.044541
0.361888,0.272674,0,-0.0161721,0.0434266
0.359153,0.272397,0.00265482,-0.0168451,0.0430984
0.356596,0.272133,0.0654399,-0.0158175,0.0427915
0.355547,0.272,0.127967,-0.0134371,0.0426657
0.354723,0.271866,0.189988,-0.00998297,0.0425668
0.354121,0.271733,0.25126,-0.00568557,0.0424945
0.353735,0.271599,0.311541,-0.000736069,0.0424483
0.353564,0.271465,0.370592,0.00470614,0.0424277
0.353602,0.271331,0.42818,0.0105074,0.0424322
0.353844,0.271198,0.484078,0.0170465,0.0424612
0.354284,0.271065,0.538066,0.0236461,0.0425141
0.354917,0.270932,0.589931,0.0302399,0.0425901
0.355737,0.2708,0.639467,0.0367696,0.0426884
0.356736,0.270668,0.68648,0.0431837,0.0428083
0.357906,0.270537,0.730783,0.0494359,0.0429488
0.359241,0.270407,0.772203,0.0554853,0.0431089
0.360731,0.270277,0.810575,0.0612949,0.0432877
0.362367,0.270149,0.845747,0.0668319,0.043484
0.364139,0.270022,0.877583,0.0720672,0.0436967
0.366038,0.269895,0.905954,0.076975,0.0439245
0.368051,0.26977,0.930751,0.0815323,0.0441662
0.370169,0.269646,0.951874,0.0857194,0.0444202
0.372378,0.269524,0.96924,0.0895187,0.0446853
0.374666,0.269402,0.982781,0.0929153,0.0449599
0.377019,0.269282,0.992444,0.095896,0.0452423
0.379425,0.269163,0.99819,0.0978717,0.045531
0.381868,0.269046,0.999996,0.0995258,0.0458242
0.384335,0.26893,0.997857,0.100827,0.0461202
0.386809,0.268815,0.991778,0.10175,0.0464171
0.389276,0.268702,0.981786,0.102275,0.0467131
0.391719,0.26859,0.96792,0.102383,0.0470063
0.394123,0.26848,0.950233,0.102063,0.0472948
0.396472,0.26837,0.928796,0.101302,0.0475766
0.398749,0.268262,0.903693,0.100094,0.0478499
0.400938,0.268156,0.875025,0.0984329,0.0481126
0.403023,0.26805,0.842902,0.0963148,0.0483628
0.404989,0.267946,0.807454,0.0937393,0.0485986
0.406819,0.267842,0.768818,0.0907084,0.0488183
0.4085,0.26774,0.727149,0.0872266,0.04902
0.410016,0.267638,0.682609,0.0833016,0.0492019
0.411354,0.267537,0.635376,0.0789443,0.0493625
0.412502,0.267437,0.585635,0.0736409,0.0495002
0.413447,0.267337,0.533583,0.0680537,0.0496136
0.414178,0.267238,0.479426,0.0621825,0.0497013
0.414685,0.267139,0.423376,0.056035,0.0497622
0.414961,0.26704,0.365655,0.0496258,0.0497953
0.414998,0.266941,0.306491,0.0429758,0.0497997
0.414789,0.266842,0.246118,0.0361108,0.0497747
0.414331,0.266743,0.184773,0.029061,0.0497197
0.41362,0.266644,0.122699,0.02186,0.0496344
0.412655,0.266544,0.0601407,0.0145437,0.0495186
0.411435,0.266443,0,0.00721489,0.0493722
0.393108,0.265039,0,0.00145008,0.047173
0.387601,0.264589,0,-0.00313163,0.0465121
0.380403,0.263971,0,-0.00675706,0.0456484
0.371058,0.263114,0,-0.00960459,0.0445269
0.361958,0.262226,0,-0.0118302,0.0434349
0.353096,0.261309,0,-0.0132024,0.0423715
0.344468,0.260362,0,-0.014251,0.0413361
0.336066,0.259389,0,-0.0150411,0.0403279
0.333591,0.259097,0.00265482,-0.0155937,0.0400309
0.331278,0.258819,0.0654399,-0.0144774,0.0397533
0.330334,0.25868,0.127967,-0.0120352,0.0396401
0.329599,0.25854,0.189988,-0.00854251,0.0395519
0.32907,0.2584,0.25126,-0.00422642,0.0394883
0.328742,0.25826,0.311541,0.000724605,0.0394491
0.328614,0.25812,0.370592,0.00615362,0.0394337
0.32868,0.25798,0.42818,0.0119291,0.0394415
0.328935,0.25784,0.484078,0.0179401,0.0394722
0.329375,0.257701,0.538066,0.0240922,0.039525
0.329995,0.257561,0.589931,0.0303044,0.0395994
0.330788,0.257423,0.639467,0.0365067,0.0396946
0.331748,0.257285,0.68648,0.0426379,0.0398098
0.332868,0.257147,0.730783,0.0486636,0.0399442
0.334141,0.257011,0.772203,0.0545005,0.0400969
0.335558,0.256875,0.810575,0.0601119,0.040267
0.337112,0.25674,0.845747,0.0654649,0.0404534
0.338793,0.256606,0.877583,0.0705303,0.0406551
0.340591,0.256473,0.905954,0.075282,0.0408709
0.342497,0.256341,0.930751,0.0796972,0.0410996
0.3445,0.25621,0.951874,0.0837555,0.04134
0.346589,0.25608,0.96924,0.0874395,0.0415906
0.348751,0.255952,0.982781,0.0907338,0.0418501
0.350975,0.255824,0.992444,0.0936251,0.042117
0.353248,0.255698,0.99819,0.0961021,0.0423898
0.355557,0.255573,0.999996,0.0981547,0.0426668
0.357887,0.255449,0.997857,0.0997747,0.0429465
0.360226,0.255327,0.991778,0.100955,0.0432271
0.362557,0.255206,0.981786,0.101689,0.0435069
0.364868,0.255086,0.96792,0.101402,0.0437841
0.367142,0.254967,0.950233,0.100776,0.044057
0.369365,0.254849,0.928796,0.0997831,0.0443238
0.371522,0.254733,0.903693,0.0984048,0.0445826
0.373597,0.254618,0.875025,0.0966257,0.0448316
0.375576,0.254503,0.842902,0.0944352,0.0450691
0.377443,0.25439,0.807454,0.0918268,0.0452932
0.379186,0.254278,0.768818,0.0887977,0.0455023
0.380788,0.254166,0.727149,0.085349,0.0456946
0.382238,0.254056,0.682609,0.0814856,0.0458686
0.383522,0.253946,0.635376,0.0772161,0.0460227
0.384629,0.253837,0.585635,0.0725529,0.0461555
0.385547,0.253728,0.533583,0.0675123,0.0462656
0.386265,0.253619,0.479426,0.0621141,0.0463518
0.386776,0.253511,0.423376,0.0563819,0.0464131
0.38707,0.253403,0.365655,0.0503428,0.0464484
0.387141,0.253295,0.306491,0.0435808,0.0464569
0.386983,0.253188,0.246118,0.0366839,0.046438
0.386593,0.25308,0.184773,0.0296671,0.0463911
0.385966,0.252971,0.122699,0.0225512,0.0463159
0.385102,0.252863,0.0601407,0.0153612,0.0462123
0.384001,0.252753,0,0.00818764,0.0460801
0.367343,0.251251,0,0.0025438,0.0440812
0.362335,0.250774,0,-0.00194221,0.0434802
0.355787,0.250123,0,-0.00549253,0.0426944
0.34728,0.249227,0,-0.00828196,0.0416736
0.338992,0.248305,0,-0.0104632,0.0406791
0.330917,0.247359,0,-0.0121583,0.0397101
0.32305,0.246388,0,-0.0134652,0.038766
0.315385,0.245395,0,-0.0144619,0.0378462
0.313127,0.245098,0.00265482,-0.0151827,0.0375752
0.311016,0.244815,0.0654399,-0.014276,0.0373219
0.310161,0.244673,0.127967,-0.0116902,0.0372193
0.309501,0.244531,0.189988,-0.00813531,0.0371401
0.309034,0.244389,0.25126,-0.00382098,0.037084
0.308757,0.244247,0.311541,0.00107878,0.0370508
0.308666,0.244105,0.370592,0.00641896,0.0370399
0.308758,0.243963,0.42818,0.0120779,0.037051
0.309029,0.243821,0.484078,0.0179526,0.0370834
0.309473,0.243679,0.538066,0.0239552,0.0371367
0.310085,0.243538,0.589931,0.0300101,0.0372103
0.310861,0.243397,0.639467,0.0360515,0.0373034
0.311794,0.243257,0.68648,0.0420217,0.0374153
0.312878,0.243117,0.730783,0.0478699,0.0375453
0.314105,0.242978,0.772203,0.0535509,0.0376926
0.315468,0.24284,0.810575,0.0590247,0.0378562
0.31696,0.242703,0.845747,0.064256,0.0380352
0.318572,0.242566,0.877583,0.0692134,0.0382286
0.320295,0.242431,0.905954,0.073315,0.0384354
0.322119,0.242296,0.930751,0.0771988,0.0386543
0.324035,0.242162,0.951874,0.0808225,0.0388842
0.326032,0.24203,0.96924,0.0841505,0.0391238
0.328098,0.241898,0.982781,0.0871533,0.0393718
0.330224,0.241768,0.992444,0.0898061,0.0396268
0.332395,0.241638,0.99819,0.0920883,0.0398874
0.334601,0.24151,0.999996,0.0939827,0.0401521
0.336827,0.241383,0.997857,0.0954748,0.0404192
0.339061,0.241257,0.991778,0.0965529,0.0406874
0.34129,0.241132,0.981786,0.0972071,0.0409548
0.343499,0.241009,0.96792,0.0974295,0.0412199
0.345674,0.240886,0.950233,0.0972138,0.0414809
0.347802,0.240765,0.928796,0.0965551,0.0417362
0.349867,0.240644,0.903693,0.0954504,0.0419841
0.351856,0.240525,0.875025,0.093898,0.0422228
0.353755,0.240407,0.842902,0.0913465,0.0424506
0.35555,0.240289,0.807454,0.0884642,0.0426659
0.357226,0.240173,0.768818,0.0852333,0.0428671
0.358772,0.240057,0.727149,0.0816429,0.0430526
0.360173,0.239942,0.682609,0.0776886,0.0432208
0.361419,0.239827,0.635376,0.0733716,0.0433703
0.362498,0.239713,0.585635,0.0686986,0.0434998
0.363399,0.2396,0.533583,0.0636812,0.0436079
0.364112,0.239487,0.479426,0.0583358,0.0436935
0.36463,0.239374,0.423376,0.0526834,0.0437556
0.364943,0.239262,0.365655,0.0467485,0.0437932
0.365046,0.239149,0.306491,0.0405594,0.0438055
0.364934,0.239037,0.246118,0.0341471,0.043792
0.364601,0.238925,0.184773,0.0275452,0.0437522
0.364047,0.238812,0.122699,0.0207888,0.0436856
0.363268,0.238699,0.0601407,0.0139144,0.0435921
0.362265,0.238585,0,0.00737146,0.0434718
0.346986,0.237041,0,0.00222693,0.0416383
0.34239,0.236553,0,-0.00186124,0.0410867
0.336377,0.23589,0,-0.00509545,0.0403653
0.328562,0.234983,0,-0.00763488,0.0394275
0.320943,0.234054,0,-0.00961898,0.0385132
0.313515,0.233104,0,-0.0111593,0.0376218
0.306274,0.232135,0,-0.0123452,0.0367529
0.299214,0.231146,0,-0.0132479,0.0359057
0.297134,0.230851,0.00265482,-0.0138946,0.0356561
0.295189,0.23057,0.0654399,-0.0129327,0.0354227
0.294407,0.230429,0.127967,-0.0106916,0.0353288
0.29381,0.230288,0.189988,-0.00743553,0.0352572
0.293396,0.230147,0.25126,-0.00338207,0.0352075
0.293162,0.230005,0.311541,0.00128862,0.0351794
0.293105,0.229864,0.370592,0.00642652,0.0351726
0.293222,0.229723,0.42818,0.0123609,0.0351866
0.293508,0.229583,0.484078,0.0184502,0.0352209
0.293959,0.229442,0.538066,0.0246183,0.0352751
0.29457,0.229302,0.589931,0.0307991,0.0353484
0.295337,0.229163,0.639467,0.0369343,0.0354404
0.296253,0.229023,0.68648,0.0429725,0.0355503
0.297312,0.228885,0.730783,0.0488678,0.0356774
0.298508,0.228747,0.772203,0.0545792,0.0358209
0.299834,0.22861,0.810575,0.0600702,0.03598
0.301282,0.228473,0.845747,0.0653082,0.0361538
0.302844,0.228338,0.877583,0.0702641,0.0363413
0.304512,0.228203,0.905954,0.0749123,0.0365415
0.306278,0.228069,0.930751,0.0792301,0.0367533
0.30813,0.227936,0.951874,0.0831977,0.0369756
0.31006,0.227804,0.96924,0.0867979,0.0372072
0.312057,0.227672,0.982781,0.0900157,0.0374468
0.314109,0.227542,0.992444,0.0922826,0.0376931
0.316207,0.227413,0.99819,0.0942536,0.0379448
0.318336,0.227285,0.999996,0.0958975,0.0382004
0.320487,0.227158,0.997857,0.0971886,0.0384584
0.322645,0.227032,0.991778,0.098106,0.0387174
0.324798,0.226907,0.981786,0.0986329,0.0389758
0.326933,0.226784,0.96792,0.0987553,0.039232
0.329037,0.226661,0.950233,0.0984625,0.0394844
0.331095,0.226539,0.928796,0.0977459,0.0397314
0.333095,0.226418,0.903693,0.0965994,0.0399714
0.335022,0.226298,0.875025,0.0950188,0.0402026
0.336864,0.226179,0.842902,0.0930023,0.0404236
0.338606,0.226061,0.807454,0.0905504,0.0406328
0.340237,0.225943,0.768818,0.0876659,0.0408284
0.341743,0.225827,0.727149,0.0843541,0.0410092
0.343113,0.225711,0.682609,0.0806234,0.0411735
0.344334,0.225595,0.635376,0.0759708,0.0413201
0.345396,0.225481,0.585635,0.0710373,0.0414476
0.346289,0.225366,0.533583,0.0658196,0.0415547
0.347004,0.225252,0.479426,0.0603217,0.0416405
0.347531,0.225139,0.423376,0.0545548,0.0417038
0.347865,0.225025,0.365655,0.0485356,0.0417438
0.347998,0.224912,0.306491,0.0422857,0.0417597
0.347925,0.224799,0.246118,0.0358311,0.041751
0.347643,0.224685,0.184773,0.0292011,0.0417172
0.347149,0.224572,0.122699,0.0224274,0.0416578
0.346441,0.224458,0.0601407,0.0155438,0.0415729
0.345518,0.224344,0,0.00864599,0.0414622
0.331363,0.2228,0,0.00321622,0.0397636
0.327103,0.222315,0,-0.00110059,0.0392523
0.321527,0.221656,0,-0.00451829,0.0385832
0.314274,0.220759,0,-0.00720532,0.0377129
0.307199,0.219844,0,-0.00897523,0.0368638
0.300296,0.218911,0,-0.0103469,0.0360355
0.293562,0.217961,0,-0.0114004,0.0352275
0.286993,0.216995,0,-0.0122,0.0344391
0.285057,0.216706,0.00265482,-0.012765,0.0342068
0.283247,0.216432,0.0654399,-0.011741,0.0339897
0.282524,0.216295,0.127967,-0.00945289,0.0339029
0.281979,0.216158,0.189988,-0.00616131,0.0338375
0.281609,0.21602,0.25126,-0.0020814,0.0337931
0.281413,0.215882,0.311541,0.00260856,0.0337695
0.281386,0.215745,0.370592,0.00775992,0.0337663
0.281526,0.215608,0.42818,0.0132479,0.0337831
0.281829,0.215471,0.484078,0.0189669,0.0338194
0.28229,0.215334,0.538066,0.0248269,0.0338748
0.282905,0.215197,0.589931,0.0307501,0.0339486
0.283669,0.215061,0.639467,0.0366692,0.0340403
0.284577,0.214926,0.68648,0.0425428,0.0341492
0.285623,0.214791,0.730783,0.0482834,0.0342747
0.2868,0.214656,0.772203,0.0538501,0.034416
0.288102,0.214522,0.810575,0.0592064,0.0345723
0.289522,0.214389,0.845747,0.0643195,0.0347427
0.291053,0.214257,0.877583,0.0691604,0.0349263
0.292685,0.214125,0.905954,0.0737031,0.0351222
0.294411,0.213994,0.930751,0.077925,0.0353293
0.296221,0.213864,0.951874,0.0818059,0.0355465
0.298105,0.213735,0.96924,0.0853286,0.0357727
0.300055,0.213607,0.982781,0.0884778,0.0360066
0.302059,0.21348,0.992444,0.0912406,0.036247
0.304106,0.213354,0.99819,0.0936058,0.0364927
0.306184,0.213228,0.999996,0.0955637,0.0367421
0.308283,0.213104,0.997857,0.0971062,0.036994
0.31039,0.212981,0.991778,0.0982263,0.0372468
0.312492,0.212858,0.981786,0.0983679,0.0374991
0.314578,0.212737,0.96792,0.0981873,0.0377493
0.316633,0.212616,0.950233,0.097659,0.0379959
0.318645,0.212497,0.928796,0.0967627,0.0382374
0.320601,0.212378,0.903693,0.0954831,0.0384721
0.322488,0.21226,0.875025,0.0938086,0.0386986
0.324293,0.212143,0.842902,0.0917317,0.0389151
0.326003,0.212027,0.807454,0.089248,0.0391203
0.327605,0.211912,0.768818,0.0863569,0.0393126
0.329088,0.211797,0.727149,0.083061,0.0394905
0.330439,0.211683,0.682609,0.0793663,0.0396527
0.331648,0.211569,0.635376,0.0752825,0.0397978
0.332704,0.211456,0.585635,0.0708225,0.0399245
0.333597,0.211344,0.533583,0.0660032,0.0400316
0.334318,0.211231,0.479426,0.0608449,0.0401182
0.334859,0.211119,0.423376,0.0553711,0.0401831
0.335214,0.211008,0.365655,0.0491653,0.0402256
0.335375,0.210896,0.306491,0.0428076,0.040245
0.335338,0.210785,0.246118,0.0363106,0.0402405
0.335099,0.210673,0.184773,0.0296928,0.0402118
0.334655,0.210561,0.122699,0.0229771,0.0401586
0.334005,0.210449,0.0601407,0.0161896,0.0400806
0.333148,0.210337,0,0.00941741,0.0399778
0.319896,0.208827,0,0.00408466,0.0383875
0.315905,0.208353,0,-0.000155597,0.0379086
0.310679,0.207712,0,-0.00351349,0.0372814
0.303876,0.206841,0,-0.00615455,0.0364652
0.297236,0.205954,0,-0.00822266,0.0356683
0.290753,0.205053,0,-0.0098329,0.0348904
0.284425,0.204136,0,-0.0110773,0.034131
0.278247,0.203206,0,-0.0120297,0.0333896
0.276425,0.202929,0.00265482,-0.0127201,0.0331711
0.274724,0.202666,0.0654399,-0.0115253,0.0329668
0.274048,0.202534,0.127967,-0.00914925,0.0328858
0.273546,0.202401,0.189988,-0.00583378,0.0328255
0.273214,0.202269,0.25126,-0.00177859,0.0327856
0.273049,0.202137,0.311541,0.00285056,0.0327659
0.27305,0.202005,0.370592,0.00791511,0.032766
0.273212,0.201873,0.42818,0.0132984,0.0327854
0.273531,0.201741,0.484078,0.0189011,0.0328238
0.274005,0.20161,0.538066,0.0246382,0.0328806
0.274629,0.201479,0.589931,0.0304357,0.0329555
0.275397,0.201348,0.639467,0.0362293,0.0330477
0.276305,0.201218,0.68648,0.041962,0.0331566
0.277347,0.201088,0.730783,0.0475835,0.0332817
0.278517,0.200959,0.772203,0.0530491,0.0334221
0.279809,0.20083,0.810575,0.058319,0.0335771
0.281215,0.200702,0.845747,0.063358,0.0337458
0.282729,0.200575,0.877583,0.0676018,0.0339275
0.284342,0.200448,0.905954,0.0716594,0.034121
0.286046,0.200323,0.930751,0.0754867,0.0343255
0.287832,0.200198,0.951874,0.0790463,0.0345399
0.289692,0.200073,0.96924,0.0823072,0.034763
0.291614,0.19995,0.982781,0.0852432,0.0349937
0.29359,0.199828,0.992444,0.0878323,0.0352308
0.295608,0.199706,0.99819,0.0900562,0.0354729
0.297657,0.199585,0.999996,0.0918996,0.0357188
0.299726,0.199466,0.997857,0.0933498,0.0359671
0.301803,0.199347,0.991778,0.0943961,0.0362164
0.303877,0.199229,0.981786,0.09503,0.0364652
0.305934,0.199112,0.96792,0.0952442,0.0367121
0.307962,0.198995,0.950233,0.0950332,0.0369555
0.309949,0.19888,0.928796,0.0943929,0.0371939
0.311882,0.198766,0.903693,0.0933207,0.0374258
0.313747,0.198652,0.875025,0.0912785,0.0376497
0.315533,0.198539,0.842902,0.0889146,0.037864
0.317227,0.198427,0.807454,0.0862097,0.0380673
0.318817,0.198315,0.768818,0.0831516,0.0382581
0.320291,0.198204,0.727149,0.0797334,0.0384349
0.321637,0.198094,0.682609,0.0759542,0.0385964
0.322844,0.197984,0.635376,0.0718178,0.0387413
0.323903,0.197875,0.585635,0.0673331,0.0388684
0.324803,0.197766,0.533583,0.0625137,0.0389764
0.325537,0.197658,0.479426,0.0573776,0.0390644
0.326095,0.197549,0.423376,0.051947,0.0391314
0.326471,0.197441,0.365655,0.0462477,0.0391765
0.326658,0.197333,0.306491,0.040309,0.039199
0.326653,0.197226,0.246118,0.0341629,0.0391984
0.326451,0.197118,0.184773,0.0278434,0.0391742
0.32605,0.19701,0.122699,0.0213862,0.039126
0.325447,0.196902,0.0601407,0.0150998,0.0390537
0.324644,0.196793,-6.93889e-18,0.00877481,0.0389572
0.312103,0.19534,0,0.00379641,0.0374523
0.308324,0.194886,0,-0.000161409,0.0369988
0.303373,0.194271,0,-0.00329475,0.0364047
0.296924,0.193437,0,-0.00575801,0.0356309
0.290625,0.19259,0,-0.0076857,0.034875
0.284471,0.191729,0,-0.00918541,0.0341365
0.278459,0.190857,0,-0.0103432,0.0334151
0.272586,0.189972,0,-0.011228,0.0327104
0.270855,0.189708,0.00265482,-0.0118669,0.0325026
0.269237,0.189458,0.0654399,-0.0110227,0.0323084
0.2686,0.189332,0.127967,-0.00899375,0.032232
0.268132,0.189207,0.189988,-0.0060187,0.0321759
0.267831,0.189081,0.25126,-0.00229425,0.0321398
0.267695,0.188956,0.311541,0.00201648,0.0321234
0.26772,0.18883,0.370592,0.00720049,0.0321264
0.267903,0.188705,0.42818,0.012647,0.0321484
0.268242,0.18858,0.484078,0.0182707,0.032189
0.268731,0.188455,0.538066,0.0239975,0.0322478
0.269368,0.18833,0.589931,0.0297623,0.0323241
0.270146,0.188206,0.639467,0.0355072,0.0324175
0.271062,0.188082,0.68648,0.0411806,0.0325274
0.272109,0.187959,0.730783,0.0467361,0.0326531
0.273282,0.187836,0.772203,0.0521322,0.0327939
0.274575,0.187714,0.810575,0.0573315,0.032949
0.275981,0.187593,0.845747,0.0623005,0.0331177
0.277492,0.187472,0.877583,0.0670095,0.033299
0.2791,0.187351,0.905954,0.0714319,0.033492
0.280799,0.187232,0.930751,0.0755446,0.0336959
0.282578,0.187113,0.951874,0.079327,0.0339094
0.28443,0.186995,0.96924,0.0827615,0.0341316
0.286344,0.186878,0.982781,0.0852934,0.0343613
0.28831,0.186761,0.992444,0.0875555,0.0345973
0.290319,0.186646,0.99819,0.0895155,0.0348383
0.292358,0.186531,0.999996,0.0911468,0.035083
0.294418,0.186417,0.997857,0.0924275,0.0353301
0.296486,0.186304,0.991778,0.09334,0.0355783
0.29855,0.186192,0.981786,0.0938697,0.035826
0.300599,0.18608,0.96792,0.0940049,0.0360718
0.302619,0.18597,0.950233,0.0937365,0.0363143
0.3046,0.18586,0.928796,0.0930575,0.036552
0.306527,0.185751,0.903693,0.0919628,0.0367832
0.308389,0.185643,0.875025,0.0904496,0.0370067
0.310173,0.185535,0.842902,0.088517,0.0372207
0.311867,0.185428,0.807454,0.0861664,0.037424
0.313458,0.185322,0.768818,0.0834015,0.037615
0.314936,0.185216,0.727149,0.0802287,0.0377923
0.316288,0.185111,0.682609,0.0761511,0.0379546
0.317504,0.185007,0.635376,0.0717964,0.0381005
0.318575,0.184903,0.585635,0.0671596,0.038229
0.319489,0.184799,0.533583,0.0622433,0.0383387
0.32024,0.184696,0.479426,0.0570567,0.0384288
0.320818,0.184593,0.423376,0.0516153,0.0384981
0.321217,0.18449,0.365655,0.0459395,0.038546
0.321431,0.184387,0.306491,0.0400545,0.0385717
0.321455,0.184284,0.246118,0.0339891,0.0385746
0.321285,0.184182,0.184773,0.0277747,0.0385542
0.320919,0.184079,0.122699,0.0214447,0.0385103
0.320355,0.183976,0.0601407,0.0150332,0.0384426
0.319593,0.183873,0,0.00863042,0.0383511
0.307598,0.182494,0,0.00358875,0.0369117
0.303981,0.182063,0,-0.000419992,0.0364777
0.299241,0.181481,0,-0.00359446,0.0359089
0.293062,0.180692,0,-0.00577366,0.0351674
0.287022,0.179891,0,-0.0074762,0.0344426
0.281118,0.179079,0,-0.00879786,0.0337341
0.275346,0.178256,0,-0.00981527,0.0330415
0.269703,0.177422,0,-0.0105897,0.0323644
0.26804,0.177174,0.00265482,-0.0111411,0.0321648
0.266485,0.176938,0.0654399,-0.0102291,0.0319782
0.265878,0.17682,0.127967,-0.00814609,0.0319054
0.265438,0.176702,0.189988,-0.00512661,0.0318526
0.265163,0.176583,0.25126,-0.00136419,0.0318196
0.265051,0.176465,0.311541,0.00298021,0.0318062
0.265099,0.176347,0.370592,0.00777163,0.0318119
0.265304,0.176229,0.42818,0.0128958,0.0318365
0.265663,0.176111,0.484078,0.018255,0.0318795
0.266171,0.175994,0.538066,0.0237647,0.0319405
0.266824,0.175877,0.589931,0.0293512,0.0320189
0.267619,0.17576,0.639467,0.0349726,0.0321143
0.268549,0.175643,0.68648,0.0405283,0.0322259
0.269611,0.175527,0.730783,0.0459728,0.0323533
0.270797,0.175412,0.772203,0.0512648,0.0324956
0.272101,0.175297,0.810575,0.0563672,0.0326522
0.273518,0.175183,0.845747,0.0612466,0.0328222
0.27504,0.175069,0.877583,0.0658731,0.0330047
0.276658,0.174956,0.905954,0.0702202,0.033199
0.278366,0.174843,0.930751,0.0742646,0.033404
0.280155,0.174731,0.951874,0.0779855,0.0336186
0.282015,0.17462,0.96924,0.0813653,0.0338418
0.283938,0.17451,0.982781,0.0843883,0.0340725
0.285912,0.1744,0.992444,0.0870411,0.0343095
0.287929,0.174292,0.99819,0.0893124,0.0345515
0.289977,0.174184,0.999996,0.0911922,0.0347973
0.292045,0.174076,0.997857,0.0926724,0.0350454
0.294122,0.17397,0.991778,0.0932087,0.0352946
0.296196,0.173864,0.981786,0.0934403,0.0355435
0.298254,0.173759,0.96792,0.0933411,0.0357905
0.300285,0.173655,0.950233,0.0928904,0.0360342
0.302276,0.173552,0.928796,0.092072,0.0362732
0.304215,0.173449,0.903693,0.0908736,0.0365058
0.30609,0.173348,0.875025,0.0892866,0.0367308
0.307887,0.173246,0.842902,0.0873055,0.0369464
0.309595,0.173146,0.807454,0.084928,0.0371514
0.311202,0.173046,0.768818,0.0821552,0.0373442
0.312696,0.172946,0.727149,0.078991,0.0375235
0.314065,0.172848,0.682609,0.0754432,0.0376879
0.3153,0.172749,0.635376,0.0715228,0.0378361
0.316391,0.172651,0.585635,0.0672444,0.0379669
0.317326,0.172554,0.533583,0.0626266,0.0380791
0.318099,0.172457,0.479426,0.0576914,0.0381718
0.3187,0.17236,0.423376,0.0520184,0.038244
0.319124,0.172263,0.365655,0.046188,0.0382949
0.319364,0.172166,0.306491,0.0402129,0.0383237
0.319415,0.17207,0.246118,0.034112,0.0383298
0.319274,0.171973,0.184773,0.0279092,0.0383129
0.318937,0.171876,0.122699,0.0216315,0.0382725
0.318404,0.17178,0.0601407,0.0153079,0.0382085
0.317673,0.171683,0,0.00902187,0.0381208
0.30608,0.170388,0,0.00407116,0.0367296
0.302582,0.169984,0,0.000134426,0.0363098
0.297995,0.169438,0,-0.00298343,0.0357594
0.292013,0.168699,0,-0.00543615,0.0350415
0.286161,0.167949,0,-0.00735721,0.0343393
0.280437,0.167189,0,-0.00885339,0.0336525
0.274838,0.16642,0,-0.0100101,0.0329805
0.269361,0.165641,0,-0.0108958,0.0323233
0.267745,0.165409,0.00265482,-0.0112314,0.0321294
0.266236,0.165188,0.0654399,-0.0101963,0.0319483
0.265651,0.165078,0.127967,-0.00806148,0.0318782
0.265234,0.164967,0.189988,-0.00504388,0.031828
0.264981,0.164857,0.25126,-0.00132288,0.0317977
0.264891,0.164747,0.311541,0.00295198,0.0317869
0.26496,0.164636,0.370592,0.00765475,0.0317952
0.265187,0.164526,0.42818,0.0126782,0.0318224
0.265567,0.164416,0.484078,0.01793,0.031868
0.266096,0.164306,0.538066,0.0233298,0.0319316
0.266772,0.164197,0.589931,0.0288069,0.0320126
0.267588,0.164088,0.639467,0.0342984,0.0321106
0.26854,0.163979,0.68648,0.0397483,0.0322249
0.269624,0.163871,0.730783,0.0451067,0.0323549
0.270832,0.163763,0.772203,0.0503284,0.0324998
0.272159,0.163656,0.810575,0.0553733,0.0326591
0.273599,0.163549,0.845747,0.0596887,0.0328318
0.275143,0.163443,0.877583,0.0638591,0.0330172
0.276785,0.163337,0.905954,0.067837,0.0332142
0.278517,0.163232,0.930751,0.0715823,0.033422
0.280329,0.163128,0.951874,0.0750609,0.0336395
0.282214,0.163024,0.96924,0.0782442,0.0338656
0.284161,0.162921,0.982781,0.0811079,0.0340993
0.28616,0.162819,0.992444,0.0836317,0.0343392
0.288202,0.162718,0.99819,0.0857986,0.0345843
0.290276,0.162617,0.999996,0.0875942,0.0348331
0.29237,0.162517,0.997857,0.0890065,0.0350844
0.294473,0.162418,0.991778,0.0900258,0.0353368
0.296573,0.162319,0.981786,0.0906437,0.0355888
0.298659,0.162221,0.96792,0.0908537,0.035839
0.300717,0.162124,0.950233,0.0906507,0.036086
0.302736,0.162028,0.928796,0.0900307,0.0363283
0.304702,0.161932,0.903693,0.0884645,0.0365643
0.306604,0.161838,0.875025,0.0865865,0.0367925
0.30843,0.161743,0.842902,0.0843765,0.0370116
0.310166,0.161649,0.807454,0.0818207,0.0372199
0.311801,0.161556,0.768818,0.0789108,0.0374161
0.313323,0.161464,0.727149,0.0756438,0.0375987
0.314721,0.161372,0.682609,0.0720217,0.0377665
0.315984,0.16128,0.635376,0.0680512,0.0379181
0.317102,0.161189,0.585635,0.063744,0.0380522
0.318065,0.161098,0.533583,0.0591163,0.0381678
0.318865,0.161008,0.479426,0.0541888,0.0382638
0.319494,0.160917,0.423376,0.0489865,0.0383393
0.319944,0.160827,0.365655,0.0435384,0.0383933
0.32021,0.160737,0.306491,0.0378766,0.0384253
0.320287,0.160647,0.246118,0.0320362,0.0384345
0.320171,0.160558,0.184773,0.0260543,0.0384206
0.319859,0.160468,0.122699,0.0201984,0.0383831
0.31935,0.160378,0.0601407,0.0142573,0.038322
0.318642,0.160287,-6.93889e-18,0.00832306,0.0382371
0.307322,0.159083,0,0.00365169,0.0368787
0.303905,0.158708,0,-6.22033e-05,0.0364686
0.299422,0.1582,0,-0.00300263,0.0359307
0.293571,0.157514,0,-0.00531449,0.0352286
0.287845,0.156818,0,-0.00712393,0.0345414
0.28224,0.156112,0,-0.00853187,0.0338688
0.276753,0.155398,0,-0.00961905,0.0332104
0.271383,0.154675,0,-0.0104501,0.032566
0.269799,0.15446,0.00265482,-0.0110521,0.0323759
0.268319,0.154255,0.0654399,-0.0103002,0.0321983
0.26775,0.154152,0.127967,-0.00845781,0.03213
0.267349,0.15405,0.189988,-0.00573513,0.0320819
0.267115,0.153947,0.25126,-0.00230586,0.0320538
0.267044,0.153845,0.311541,0.00208147,0.0320453
0.267135,0.153743,0.370592,0.00684264,0.0320562
0.267384,0.15364,0.42818,0.0118845,0.0320861
0.267787,0.153538,0.484078,0.0171259,0.0321345
0.268342,0.153437,0.538066,0.0224947,0.032201
0.269043,0.153335,0.589931,0.0279269,0.0322852
0.269887,0.153234,0.639467,0.0333647,0.0323865
0.270869,0.153133,0.68648,0.0387557,0.0325042
0.271982,0.153033,0.730783,0.0440527,0.0326378
0.273222,0.152933,0.772203,0.0492126,0.0327866
0.274581,0.152833,0.810575,0.0541969,0.0329498
0.276055,0.152734,0.845747,0.0589708,0.0331266
0.277634,0.152636,0.877583,0.0635031,0.0333161
0.279312,0.152538,0.905954,0.0677663,0.0335175
0.281081,0.152441,0.930751,0.071736,0.0337297
0.282932,0.152344,0.951874,0.0753911,0.0339518
0.284855,0.152248,0.96924,0.0781858,0.0341826
0.286842,0.152153,0.982781,0.0807353,0.0344211
0.288883,0.152058,0.992444,0.0830055,0.0346659
0.290966,0.151965,0.99819,0.0849682,0.034916
0.293082,0.151871,0.999996,0.0866001,0.0351698
0.295219,0.151779,0.997857,0.0878822,0.0354262
0.297365,0.151687,0.991778,0.0887988,0.0356838
0.299508,0.151596,0.981786,0.0893372,0.035941
0.301637,0.151506,0.96792,0.0894872,0.0361964
0.303738,0.151416,0.950233,0.0892406,0.0364486
0.305801,0.151327,0.928796,0.0885915,0.0366961
0.30781,0.151238,0.903693,0.0875355,0.0369372
0.309755,0.151151,0.875025,0.0860705,0.0371706
0.311623,0.151063,0.842902,0.0841963,0.0373947
0.3134,0.150977,0.807454,0.0819148,0.037608
0.315076,0.150891,0.768818,0.0792304,0.0378091
0.316638,0.150806,0.727149,0.0756479,0.0379965
0.318074,0.150721,0.682609,0.0717872,0.0381689
0.319375,0.150636,0.635376,0.0676413,0.038325
0.320529,0.150552,0.585635,0.063211,0.0384634
0.321526,0.150468,0.533583,0.058504,0.0385832
0.322359,0.150385,0.479426,0.0535344,0.0386831
0.323019,0.150301,0.423376,0.0483224,0.0387622
0.323498,0.150218,0.365655,0.0428932,0.0388198
0.323791,0.150135,0.306491,0.0372764,0.038855
0.323893,0.150052,0.246118,0.0315053,0.0388672
0.3238,0.14997,0.184773,0.0256154,0.038856
0.323508,0.149887,0.122699,0.0196437,0.038821
0.323017,0.149804,0.0601407,0.0136275,0.038762
0.322325,0.149721,-6.93889e-18,0.00765342,0.038679
0.311164,0.148611,0,0.00295002,0.0373397
0.307794,0.148264,0,-0.000789522,0.0369352
0.303369,0.147796,0,-0.00344178,0.0364043
0.297592,0.147163,0,-0.00552456,0.035711
0.291933,0.146522,0,-0.00715217,0.035032
0.286392,0.145871,0,-0.00841603,0.034367
0.280964,0.145212,0,-0.0093893,0.0337157
0.275649,0.144545,0,-0.0101305,0.0330778
0.27408,0.144347,0.00265482,-0.0106612,0.0328896
0.272615,0.144158,0.0654399,-0.00985341,0.0327138
0.272057,0.144063,0.127967,-0.00796482,0.0326468
0.271669,0.143969,0.189988,-0.00520164,0.0326002
0.271449,0.143874,0.25126,-0.0017347,0.0325739
0.271397,0.14378,0.311541,0.00229294,0.0325676
0.271508,0.143685,0.370592,0.00676,0.032581
0.27178,0.143591,0.42818,0.0115623,0.0326136
0.272209,0.143497,0.484078,0.0166094,0.0326651
0.272792,0.143403,0.538066,0.0218214,0.0327351
0.273525,0.14331,0.589931,0.0272846,0.032823
0.274402,0.143216,0.639467,0.0327358,0.0329282
0.275419,0.143123,0.68648,0.0381276,0.0330503
0.276571,0.143031,0.730783,0.0434162,0.0331885
0.277851,0.142939,0.772203,0.0485614,0.0333421
0.279253,0.142847,0.810575,0.0535267,0.0335104
0.280771,0.142756,0.845747,0.0582789,0.0336925
0.282397,0.142665,0.877583,0.0627882,0.0338877
0.284124,0.142575,0.905954,0.0670282,0.0340949
0.285943,0.142486,0.930751,0.0709752,0.0343132
0.287846,0.142397,0.951874,0.0746086,0.0345416
0.289824,0.142309,0.96924,0.0779104,0.0347788
0.291866,0.142221,0.982781,0.080865,0.0350239
0.293963,0.142134,0.992444,0.0834589,0.0352755
0.296103,0.142048,0.99819,0.0856806,0.0355324
0.298277,0.141962,0.999996,0.0875202,0.0357933
0.300473,0.141877,0.997857,0.0884418,0.0360567
0.302678,0.141793,0.991778,0.0890716,0.0363214
0.304881,0.141709,0.981786,0.0893827,0.0365857
0.307069,0.141626,0.96792,0.0893536,0.0368483
0.30923,0.141544,0.950233,0.0889674,0.0371077
0.311351,0.141462,0.928796,0.0882107,0.0373622
0.313419,0.141381,0.903693,0.0870736,0.0376103
0.315422,0.141301,0.875025,0.0855492,0.0378506
0.317345,0.141221,0.842902,0.0836337,0.0380814
0.319178,0.141142,0.807454,0.081326,0.0383013
0.320907,0.141063,0.768818,0.0786282,0.0385088
0.32252,0.140985,0.727149,0.0755456,0.0387023
0.324005,0.140907,0.682609,0.0720869,0.0388806
0.325352,0.14083,0.635376,0.0682644,0.0390423
0.32655,0.140753,0.585635,0.0640943,0.039186
0.327589,0.140676,0.533583,0.0595966,0.0393107
0.32846,0.1406,0.479426,0.0543442,0.0394152
0.329155,0.140523,0.423376,0.0489209,0.0394986
0.329666,0.140447,0.365655,0.0433396,0.0395599
0.329987,0.140372,0.306491,0.0376203,0.0395985
0.330114,0.140296,0.246118,0.0317886,0.0396137
0.330041,0.14022,0.184773,0.0258748,0.0396049
0.329766,0.140144,0.122699,0.0199113,0.039572
0.329288,0.140069,0.0601407,0.013932,0.0395145
0.328605,0.139993,-6.93889e-18,0.00801935,0.0394326
0.317499,0.138978,0,0.00336195,0.0380999
0.314143,0.138661,0,-0.000341729,0.0376972
0.309737,0.138233,0,-0.00327524,0.0371684
0.303979,0.137653,0,-0.00558318,0.0364775
0.298337,0.137065,0,-0.00739103,0.0358004
0.292808,0.136469,0,-0.0087992,0.035137
0.28739,0.135865,0,-0.00988799,0.0344868
0.282081,0.135253,0,-0.0104224,0.0338497
0.280515,0.135071,0.00265482,-0.0107896,0.0336617
0.279051,0.134898,0.0654399,-0.00988622,0.0334862
0.278497,0.134811,0.127967,-0.00795303,0.0334197
0.278118,0.134724,0.189988,-0.00518279,0.0333742
0.277912,0.134638,0.25126,-0.00173565,0.0333494
0.277876,0.134551,0.311541,0.00225373,0.0333451
0.278008,0.134464,0.370592,0.00667054,0.0333609
0.278304,0.134378,0.42818,0.0114155,0.0333965
0.278762,0.134292,0.484078,0.0164016,0.0334514
0.279377,0.134206,0.538066,0.0215518,0.0335252
0.280145,0.13412,0.589931,0.026797,0.0336174
0.281061,0.134034,0.639467,0.0320751,0.0337274
0.282121,0.133949,0.68648,0.0373298,0.0338546
0.283319,0.133864,0.730783,0.0425104,0.0339983
0.284649,0.13378,0.772203,0.0475709,0.0341579
0.286104,0.133696,0.810575,0.0519663,0.0343325
0.287678,0.133613,0.845747,0.0562596,0.0345213
0.289363,0.13353,0.877583,0.0603992,0.0347235
0.291151,0.133447,0.905954,0.0643413,0.0349381
0.293034,0.133365,0.930751,0.0680483,0.0351641
0.295003,0.133284,0.951874,0.0714885,0.0354004
0.297048,0.133203,0.96924,0.0746346,0.0356458
0.299161,0.133123,0.982781,0.077464,0.0358993
0.301329,0.133044,0.992444,0.0799571,0.0361595
0.303543,0.132965,0.99819,0.0820979,0.0364252
0.305791,0.132887,0.999996,0.0838726,0.036695
0.308062,0.132809,0.997857,0.0852699,0.0369674
0.310343,0.132732,0.991778,0.0862802,0.0372411
0.312621,0.132656,0.981786,0.0868956,0.0375146
0.314885,0.13258,0.96792,0.0871097,0.0377862
0.317122,0.132505,0.950233,0.0869175,0.0380546
0.319317,0.132431,0.928796,0.0857943,0.038318
0.321458,0.132357,0.903693,0.0843653,0.038575
0.323532,0.132284,0.875025,0.0826089,0.0388239
0.325526,0.132212,0.842902,0.0805097,0.0390632
0.327427,0.13214,0.807454,0.0780574,0.0392912
0.329221,0.132068,0.768818,0.0752468,0.0395065
0.330897,0.131997,0.727149,0.0720776,0.0397076
0.332442,0.131926,0.682609,0.0685541,0.039893
0.333845,0.131856,0.635376,0.0646852,0.0400614
0.335095,0.131786,0.585635,0.060485,0.0402114
0.336183,0.131717,0.533583,0.0559719,0.0403419
0.337098,0.131648,0.479426,0.0511694,0.0404517
0.337832,0.131579,0.423376,0.0461056,0.0405398
0.338378,0.13151,0.365655,0.0408128,0.0406053
0.338729,0.131441,0.306491,0.035327,0.0406475
0.33888,0.131373,0.246118,0.0296875,0.0406656
0.338826,0.131304,0.184773,0.0238272,0.0406591
0.338565,0.131235,0.122699,0.0179443,0.0406278
0.338095,0.131167,0.0601407,0.012071,0.0405714
0.337414,0.131098,-6.93889e-18,0.00628689,0.0404897
0.326267,0.130177,0,0.00173133,0.0391521
0.322897,0.129889,0,-0.00189115,0.0387477
0.31847,0.1295,0,-0.00476006,0.0382164
0.312683,0.128973,0,-0.00701676,0.0375219
0.307009,0.128438,0,-0.00878403,0.036841
0.301445,0.127895,0,-0.0101601,0.0361735
0.295991,0.127344,0,-0.0112236,0.0355189
0.290643,0.126786,0,-0.0120373,0.0348772
0.288324,0.126541,0.00265482,-0.0126255,0.0345988
0.286854,0.126383,0.0654399,-0.0119671,0.0344225
0.286301,0.126303,0.127967,-0.0102933,0.0343562
0.285929,0.126224,0.189988,-0.00778865,0.0343114
0.285733,0.126145,0.25126,-0.00425366,0.034288
0.285713,0.126066,0.311541,-0.000231193,0.0342856
0.285866,0.125987,0.370592,0.00417894,0.0343039
0.286188,0.125907,0.42818,0.00888923,0.0343425
0.286675,0.125829,0.484078,0.0138218,0.034401
0.287325,0.12575,0.538066,0.0189064,0.034479
0.288132,0.125672,0.589931,0.0240792,0.0345758
0.289092,0.125594,0.639467,0.0292819,0.034691
0.290199,0.125516,0.68648,0.0344612,0.0348239
0.291448,0.125438,0.730783,0.0395682,0.0349738
0.292834,0.125361,0.772203,0.0445583,0.03514
0.294348,0.125285,0.810575,0.0493912,0.0353218
0.295985,0.125209,0.845747,0.0540305,0.0355182
0.297736,0.125133,0.877583,0.0584436,0.0357283
0.299593,0.125058,0.905954,0.0626017,0.0359512
0.301549,0.124983,0.930751,0.0664793,0.0361859
0.303593,0.124909,0.951874,0.069536,0.0364312
0.305716,0.124836,0.96924,0.0723724,0.0366859
0.307908,0.124763,0.982781,0.0749518,0.036949
0.310158,0.124691,0.992444,0.0772437,0.037219
0.312456,0.124619,0.99819,0.0792231,0.0374947
0.314788,0.124548,0.999996,0.0808691,0.0377746
0.317144,0.124477,0.997857,0.0821646,0.0380573
0.319511,0.124408,0.991778,0.0830954,0.0383413
0.321876,0.124338,0.981786,0.08365,0.0386251
0.324226,0.12427,0.96792,0.083819,0.0389071
0.326548,0.124202,0.950233,0.0835951,0.0391857
0.328827,0.124135,0.928796,0.0829728,0.0394593
0.331052,0.124068,0.903693,0.0819484,0.0397262
0.333207,0.124002,0.875025,0.08052,0.0399849
0.33528,0.123936,0.842902,0.0786879,0.0402336
0.337257,0.123871,0.807454,0.0764542,0.0404709
0.339125,0.123806,0.768818,0.073323,0.040695
0.340871,0.123742,0.727149,0.0699089,0.0409045
0.342483,0.123679,0.682609,0.0662027,0.0410979
0.343948,0.123615,0.635376,0.0622026,0.0412738
0.345256,0.123552,0.585635,0.057914,0.0414308
0.346397,0.12349,0.533583,0.0533492,0.0415676
0.34736,0.123427,0.479426,0.0485266,0.0416831
0.348136,0.123365,0.423376,0.0434707,0.0417763
0.348719,0.123303,0.365655,0.0382113,0.0418463
0.349101,0.123241,0.306491,0.0327828,0.0418921
0.349276,0.12318,0.246118,0.0272234,0.0419131
0.349241,0.123118,0.184773,0.0215736,0.0419089
0.348992,0.123056,0.122699,0.0158753,0.041879
0.348527,0.122994,0.0601407,0.01017,0.0418232
0.347846,0.122932,-6.93889e-18,0.00454338,0.0417415
0.336596,0.122101,0,0.000113742,0.0403916
0.333194,0.121841,0,-0.00310997,0.0399833
0.328723,0.12149,0,-0.00566093,0.0394467
0.322875,0.121013,0,-0.00766464,0.0387449
0.317138,0.120528,0,-0.00923085,0.0380566
0.311511,0.120035,0,-0.0104473,0.0373813
0.305991,0.119536,0,-0.0113844,0.0367189
0.300577,0.119029,0,-0.0120982,0.0360692
0.298978,0.118878,0.00265482,-0.012612,0.0358774
0.297486,0.118734,0.0654399,-0.0118961,0.0356983
0.296929,0.118662,0.127967,-0.0101752,0.0356315
0.296558,0.11859,0.189988,-0.00762909,0.035587
0.296371,0.118518,0.25126,-0.00440789,0.0355646
0.296367,0.118446,0.311541,-0.000638666,0.035564
0.296541,0.118374,0.370592,0.00356912,0.0355849
0.29689,0.118303,0.42818,0.0081197,0.0356268
0.297412,0.118231,0.484078,0.0129281,0.0356894
0.298102,0.11816,0.538066,0.0183054,0.0357722
0.298955,0.118089,0.589931,0.0237213,0.0358746
0.299967,0.118018,0.639467,0.0291268,0.035996
0.301132,0.117947,0.68648,0.0344759,0.0361358
0.302444,0.117877,0.730783,0.0397258,0.0362933
0.303898,0.117807,0.772203,0.0448364,0.0364677
0.305486,0.117738,0.810575,0.0497711,0.0366583
0.307201,0.117669,0.845747,0.0544966,0.0368641
0.309034,0.117601,0.877583,0.0589829,0.0370841
0.310979,0.117533,0.905954,0.063203,0.0373175
0.313025,0.117465,0.930751,0.0671333,0.037563
0.315164,0.117399,0.951874,0.0707529,0.0378197
0.317385,0.117332,0.96924,0.0740436,0.0380862
0.319677,0.117266,0.982781,0.0769897,0.0383613
0.322031,0.117201,0.992444,0.0795777,0.0386437
0.324433,0.117137,0.99819,0.081796,0.0389319
0.326872,0.117073,0.999996,0.0831128,0.0392247
0.329336,0.117009,0.997857,0.0841457,0.0395203
0.331811,0.116947,0.991778,0.084867,0.0398173
0.334285,0.116885,0.981786,0.085254,0.0401142
0.336743,0.116823,0.96792,0.0852888,0.0404092
0.339172,0.116762,0.950233,0.0849569,0.0407006
0.341558,0.116702,0.928796,0.084247,0.040987
0.343887,0.116642,0.903693,0.0831507,0.0412664
0.346144,0.116583,0.875025,0.0816624,0.0415373
0.348315,0.116524,0.842902,0.079779,0.0417978
0.350387,0.116466,0.807454,0.0775004,0.0420465
0.352346,0.116408,0.768818,0.0748292,0.0422816
0.354179,0.116351,0.727149,0.0717713,0.0425015
0.355872,0.116294,0.682609,0.068336,0.0427046
0.357413,0.116238,0.635376,0.0645364,0.0428896
0.358791,0.116182,0.585635,0.0603898,0.0430549
0.359995,0.116126,0.533583,0.0554586,0.0431994
0.361014,0.116071,0.479426,0.0503321,0.0433217
0.36184,0.116016,0.423376,0.0450219,0.0434208
0.362464,0.11596,0.365655,0.0395477,0.0434957
0.36288,0.115905,0.306491,0.0339364,0.0435455
0.363081,0.115851,0.246118,0.0282206,0.0435697
0.363063,0.115796,0.184773,0.0224369,0.0435675
0.362822,0.115741,0.122699,0.0166249,0.0435387
0.362358,0.115686,0.0601407,0.0108243,0.0434829
0.361667,0.115631,-6.93889e-18,0.00512019,0.0434001
0.350197,0.11489,0,0.00062601,0.0420236
0.346726,0.114657,0,-0.00294812,0.0416071
0.342163,0.114343,0,-0.00577929,0.0410596
0.336193,0.113916,0,-0.00800698,0.0403431
0.330333,0.11348,0,-0.00975213,0.03964
0.324583,0.113038,0,-0.0111115,0.03895
0.31894,0.112587,0,-0.0118686,0.0382728
0.313402,0.11213,0,-0.0124395,0.0376082
0.311767,0.111994,0.00265482,-0.0128394,0.037412
0.310241,0.111865,0.0654399,-0.0120344,0.0372289
0.309675,0.1118,0.127967,-0.010241,0.0371609
0.309303,0.111735,0.189988,-0.00763316,0.0371163
0.309123,0.11167,0.25126,-0.00435656,0.0370947
0.309132,0.111605,0.311541,-0.000535359,0.0370959
0.309329,0.11154,0.370592,0.00372284,0.0371194
0.309708,0.111475,0.42818,0.0083233,0.037165
0.310267,0.111411,0.484078,0.0131814,0.0372321
0.311002,0.111346,0.538066,0.0182208,0.0373202
0.311907,0.111282,0.589931,0.0233722,0.0374288
0.312977,0.111218,0.639467,0.0285722,0.0375573
0.314208,0.111155,0.68648,0.0337631,0.037705
0.315593,0.111092,0.730783,0.0388923,0.0378711
0.317125,0.111029,0.772203,0.0438889,0.0380549
0.318797,0.110966,0.810575,0.0487273,0.0382556
0.320602,0.110904,0.845747,0.0533715,0.0384722
0.322531,0.110843,0.877583,0.0577892,0.0387037
0.324576,0.110782,0.905954,0.0619517,0.0389491
0.326727,0.110721,0.930751,0.0658337,0.0392072
0.328975,0.110661,0.951874,0.069413,0.039477
0.331309,0.110602,0.96924,0.0726704,0.0397571
0.333718,0.110543,0.982781,0.0755895,0.0400461
0.33619,0.110485,0.992444,0.0781557,0.0403428
0.338714,0.110427,0.99819,0.0803571,0.0406457
0.341277,0.11037,0.999996,0.082183,0.0409532
0.343865,0.110313,0.997857,0.0836247,0.0412639
0.346466,0.110258,0.991778,0.0846745,0.041576
0.349066,0.110202,0.981786,0.0853262,0.0418879
0.351649,0.110148,0.96792,0.0855744,0.0421979
0.354202,0.110093,0.950233,0.0848966,0.0425043
0.356711,0.11004,0.928796,0.0839133,0.0428053
0.35916,0.109987,0.903693,0.0826022,0.0430991
0.361534,0.109934,0.875025,0.0809462,0.0433841
0.363819,0.109883,0.842902,0.0789333,0.0436583
0.366,0.109831,0.807454,0.0765561,0.0439201
0.368064,0.10978,0.768818,0.0738117,0.0441677
0.369995,0.10973,0.727149,0.0707014,0.0443994
0.371781,0.10968,0.682609,0.0672311,0.0446137
0.373409,0.10963,0.635376,0.0634114,0.044809
0.374866,0.109581,0.585635,0.0592576,0.0449839
0.376141,0.109532,0.533583,0.0547901,0.0451369
0.377223,0.109483,0.479426,0.0500345,0.0452668
0.378103,0.109434,0.423376,0.0450211,0.0453724
0.378773,0.109386,0.365655,0.0397853,0.0454528
0.379225,0.109338,0.306491,0.0343669,0.045507
0.379452,0.109289,0.246118,0.0285998,0.0455343
0.379451,0.109241,0.184773,0.0228056,0.0455341
0.379217,0.109193,0.122699,0.0170186,0.0455061
0.378749,0.109145,0.0601407,0.011275,0.0454499
0.378045,0.109096,-6.93889e-18,0.00565488,0.0453654
0.366266,0.108442,0,0.00122565,0.0439519
0.3627,0.108237,0,-0.00229717,0.043524
0.358011,0.107958,0,-0.00508814,0.0429613
0.351873,0.107579,0,-0.00728474,0.0422248
0.345847,0.107191,0,-0.00900604,0.0415016
0.33993,0.106796,0,-0.0103473,0.0407917
0.334122,0.106394,0,-0.0113848,0.0400946
0.328419,0.105985,0,-0.0121794,0.0394103
0.326735,0.105862,0.00265482,-0.0127611,0.0392082
0.325163,0.105746,0.0654399,-0.0121668,0.0390196
0.324584,0.105688,0.127967,-0.010603,0.0389501
0.324208,0.10563,0.189988,-0.00789069,0.0389049
0.324033,0.105571,0.25126,-0.00457151,0.038884
0.324057,0.105513,0.311541,-0.000753627,0.0388868
0.324277,0.105455,0.370592,0.00346804,0.0389132
0.324688,0.105397,0.42818,0.00800869,0.0389626
0.325288,0.105339,0.484078,0.0127915,0.0390346
0.326072,0.105281,0.538066,0.017746,0.0391287
0.327035,0.105224,0.589931,0.0228074,0.0392442
0.328172,0.105167,0.639467,0.0279158,0.0393806
0.329476,0.10511,0.68648,0.0330159,0.0395371
0.330942,0.105053,0.730783,0.0380571,0.039713
0.332562,0.104997,0.772203,0.0429929,0.0399075
0.33433,0.104942,0.810575,0.0477813,0.0401196
0.336237,0.104886,0.845747,0.0523845,0.0403484
0.338275,0.104831,0.877583,0.0567686,0.040593
0.340434,0.104777,0.905954,0.0609039,0.0408521
0.342705,0.104723,0.930751,0.0642512,0.0411246
0.345077,0.10467,0.951874,0.0674007,0.0414093
0.34754,0.104617,0.96924,0.0703127,0.0417048
0.350082,0.104565,0.982781,0.0729546,0.0420098
0.35269,0.104513,0.992444,0.0752988,0.0423228
0.355353,0.104462,0.99819,0.0773227,0.0426424
0.358057,0.104411,0.999996,0.0790074,0.0429668
0.360788,0.104361,0.997857,0.0803373,0.0432945
0.363532,0.104312,0.991778,0.0812994,0.0436238
0.366274,0.104263,0.981786,0.0818829,0.0439529
0.369001,0.104215,0.96792,0.0820792,0.0442801
0.371695,0.104168,0.950233,0.0818814,0.0446035
0.374343,0.104121,0.928796,0.081284,0.0449212
0.376929,0.104074,0.903693,0.0802835,0.0452315
0.379436,0.104028,0.875025,0.078878,0.0455324
0.381851,0.103983,0.842902,0.0770676,0.0458221
0.384156,0.103938,0.807454,0.0743508,0.0460987
0.386338,0.103894,0.768818,0.0713415,0.0463605
0.388381,0.10385,0.727149,0.0680272,0.0466058
0.390272,0.103806,0.682609,0.0644026,0.0468326
0.391997,0.103763,0.635376,0.0604696,0.0470396
0.393542,0.10372,0.585635,0.0562368,0.0472251
0.394897,0.103678,0.533583,0.0517196,0.0473877
0.39605,0.103635,0.479426,0.0469396,0.047526
0.39699,0.103593,0.423376,0.0419247,0.0476388
0.39771,0.103551,0.365655,0.0367084,0.0477252
0.3982,0.10351,0.306491,0.0313294,0.047784
0.398456,0.103468,0.246118,0.0258306,0.0478147
0.39847,0.103426,0.184773,0.0202578,0.0478165
0.398241,0.103384,0.122699,0.0146583,0.0477889
0.397765,0.103343,0.0601407,0.00907911,0.0477318
0.397042,0.103301,-6.93889e-18,0.00360846,0.047645
0.384867,0.102731,0,-0.000397261,0.0461841
0.381181,0.102552,0,-0.00358204,0.0457417
0.376331,0.102308,0,-0.00610354,0.0451598
0.369981,0.101974,0,-0.00808578,0.0443977
0.363743,0.101633,0,-0.00963673,0.0436492
0.357617,0.101283,0,-0.0108428,0.042914
0.3516,0.100927,0,-0.0117731,0.042192
0.345691,0.100563,0,-0.0124829,0.0414829
0.343946,0.100455,0.00265482,-0.012997,0.0412735
0.342317,0.100351,0.0654399,-0.0123472,0.041078
0.34172,0.100299,0.127967,-0.0107343,0.0410064
0.341337,0.100248,0.189988,-0.00831968,0.0409604
0.341166,0.100196,0.25126,-0.00523949,0.0409399
0.341204,0.100144,0.311541,-0.00161073,0.0409444
0.341448,0.100092,0.370592,0.00246403,0.0409737
0.341894,0.10004,0.42818,0.00689332,0.0410273
0.342539,0.0999889,0.484078,0.0119792,0.0411046
0.343377,0.0999377,0.538066,0.0171887,0.0412052
0.344404,0.0998866,0.589931,0.022466,0.0413285
0.345614,0.0998358,0.639467,0.0277584,0.0414736
0.347,0.0997853,0.68648,0.0330162,0.04164
0.348557,0.0997352,0.730783,0.038193,0.0418269
0.350277,0.0996854,0.772203,0.043246,0.0420332
0.352152,0.099636,0.810575,0.048136,0.0422583
0.354174,0.099587,0.845747,0.0528274,0.0425009
0.356334,0.0995385,0.877583,0.0572882,0.04276
0.358621,0.0994905,0.905954,0.0614902,0.0430346
0.361027,0.0994429,0.930751,0.0654083,0.0433232
0.36354,0.0993959,0.951874,0.0690208,0.0436248
0.366148,0.0993495,0.96924,0.0723087,0.0439377
0.368839,0.0993036,0.982781,0.0752558,0.0442607
0.371602,0.0992582,0.992444,0.0778479,0.0445922
0.374421,0.0992135,0.99819,0.0795538,0.0449305
0.377284,0.0991693,0.999996,0.0809859,0.045274
0.380175,0.0991257,0.997857,0.0821149,0.045621
0.383081,0.0990827,0.991778,0.0829171,0.0459697
0.385985,0.0990403,0.981786,0.0833731,0.0463182
0.388873,0.0989985,0.96792,0.083467,0.0466647
0.391727,0.0989573,0.950233,0.0831862,0.0470072
0.394532,0.0989167,0.928796,0.0825208,0.0473438
0.397272,0.0988766,0.903693,0.0814634,0.0476726
0.399929,0.098837,0.875025,0.0800089,0.0479915
0.402488,0.098798,0.842902,0.0781548,0.0482986
0.404933,0.0987595,0.807454,0.0759011,0.048592
0.407248,0.0987214,0.768818,0.0732507,0.0488697
0.409417,0.0986838,0.727149,0.0702097,0.04913
0.411425,0.0986466,0.682609,0.0667876,0.049371
0.413258,0.0986098,0.635376,0.062998,0.049591
0.414902,0.0985733,0.585635,0.0583893,0.0497883
0.416346,0.0985371,0.533583,0.0535581,0.0499615
0.417576,0.0985011,0.479426,0.0485125,0.0501091
0.418583,0.0984654,0.423376,0.0432701,0.0502299
0.419356,0.0984298,0.365655,0.0378564,0.0503228
0.419889,0.0983944,0.306491,0.0323041,0.0503866
0.420173,0.098359,0.246118,0.0266519,0.0504208
0.420204,0.0983237,0.184773,0.0209427,0.0504244
0.419977,0.0982883,0.122699,0.0152223,0.0503972
0.41949,0.0982528,0.0601407,0.0095371,0.0503388
0.418742,0.0982172,-6.93889e-18,0.00397582,0.050249
0.406084,0.0977297,0,-0.000409137,0.04873
0.402249,0.0975754,0,-0.00389729,0.0482699
0.397204,0.0973647,0,-0.00666144,0.0476645
0.390595,0.0970756,0,-0.00883766,0.0468714
0.384101,0.0967785,0,-0.0105436,0.0460921
0.377721,0.0964735,0,-0.011561,0.0453265
0.371453,0.0961609,0,-0.0123419,0.0445743
0.365294,0.095841,0,-0.0129335,0.0438353
0.363475,0.0957454,0.00265482,-0.0133536,0.043617
0.361777,0.0956543,0.0654399,-0.0126319,0.0434133
0.361158,0.0956086,0.127967,-0.0109614,0.043339
0.360765,0.0955629,0.189988,-0.00849786,0.0432918
0.360596,0.0955172,0.25126,-0.00537336,0.0432715
0.360648,0.0954715,0.311541,-0.00170226,0.0432778
0.360918,0.0954259,0.370592,0.00241448,0.0433102
0.361402,0.0953803,0.42818,0.00688623,0.0433682
0.362095,0.095335,0.484078,0.0116305,0.0434514
0.362993,0.0952898,0.538066,0.0165717,0.0435591
0.36409,0.0952449,0.589931,0.02164,0.0436908
0.365381,0.0952002,0.639467,0.0267712,0.0438457
0.366859,0.0951558,0.68648,0.0319061,0.0440231
0.368517,0.0951118,0.730783,0.0371308,0.044222
0.370347,0.0950681,0.772203,0.0422191,0.0444417
0.372342,0.0950249,0.810575,0.0471351,0.044681
0.374492,0.094982,0.845747,0.0518455,0.044939
0.376787,0.0949396,0.877583,0.0563203,0.0452145
0.379219,0.0948977,0.905954,0.0605327,0.0455063
0.381775,0.0948563,0.930751,0.0644587,0.045813
0.384445,0.0948155,0.951874,0.0680776,0.0461333
0.387215,0.0947751,0.96924,0.0713711,0.0464658
0.390074,0.0947354,0.982781,0.0743234,0.0468089
0.393008,0.0946962,0.992444,0.0769209,0.0471609
0.396002,0.0946575,0.99819,0.079152,0.0475203
0.399043,0.0946195,0.999996,0.0810065,0.0478852
0.402114,0.0945821,0.997857,0.0824758,0.0482537
0.405201,0.0945452,0.991778,0.0835526,0.0486241
0.408286,0.094509,0.981786,0.0842305,0.0489943
0.411353,0.0944734,0.96792,0.0839859,0.0493623
0.414385,0.0944383,0.950233,0.0834375,0.0497262
0.417366,0.0944038,0.928796,0.0825615,0.0500839
0.420277,0.0943699,0.903693,0.0813392,0.0504333
0.423102,0.0943365,0.875025,0.0797566,0.0507723
0.425823,0.0943037,0.842902,0.0778039,0.0510988
0.428424,0.0942713,0.807454,0.0754755,0.0514108
0.430886,0.0942394,0.768818,0.0727695,0.0517063
0.433194,0.094208,0.727149,0.0696884,0.0519833
0.435333,0.094177,0.682609,0.0662389,0.0522399
0.437286,0.0941464,0.635376,0.0624324,0.0524743
0.43904,0.0941161,0.585635,0.0582851,0.0526848
0.440581,0.0940861,0.533583,0.0538186,0.0528697
0.441897,0.0940563,0.479426,0.0490598,0.0530276
0.442976,0.0940268,0.423376,0.0440413,0.0531571
0.443809,0.0939974,0.365655,0.0388009,0.053257
0.444386,0.0939682,0.306491,0.0335436,0.0533263
0.4447,0.093939,0.246118,0.0281433,0.053364
0.444746,0.0939098,0.184773,0.0226529,0.0533696
0.44452,0.0938807,0.122699,0.0171263,0.0533424
0.444018,0.0938514,0.0601407,0.0116167,0.0532822
0.44324,0.093822,-6.93889e-18,0.00621742,0.0531888
0.430007,0.0934145,0,0.00195376,0.0516009
0.425998,0.0932846,0,-0.00143983,0.0511198
0.420721,0.0931066,0,-0.00413153,0.0504865
0.413806,0.0928606,0,-0.00625394,0.0496567
0.407009,0.0926065,0,-0.00792082,0.0488411
0.40033,0.0923442,0,-0.00922322,0.0480396
0.393765,0.0920742,0,-0.010234,0.0472518
0.387313,0.0917965,0,-0.0110114,0.0464775
